1.449
2.424
2.446
2.538
2.291
2.111
2.146
2.458
2.560
3.579
3.944
4.051
3.916
3.770
3.404
3.141
3.003
2.950
2.663
2.649
2.497
2.027
1.365
1.262
1.449
2.424
2.446
2.538
2.291
2.111
2.146
2.458
2.560
3.579
3.944
4.051
3.916
3.770
3.404
3.141
3.003
2.950
2.663
2.649
2.497
2.027
1.365
1.262
1.425
2.425
2.401
2.357
2.093
1.944
1.949
2.086
1.740
2.025
2.155
2.242
2.249
2.056
1.864
1.719
1.730
1.846
1.894
1.894
1.708
1.344
1.103
1.159
1.442
2.401
2.389
2.454
2.244
2.074
2.043
2.185
1.613
1.617
1.609
1.652
1.575
1.600
1.537
1.505
1.531
1.661
1.683
1.674
1.582
1.337
1.073
1.196
1.449
2.424
2.446
2.538
2.291
2.111
2.146
2.458
2.560
3.579
3.944
4.051
3.916
3.770
3.404
3.141
3.003
2.950
2.663
2.649
2.497
2.027
1.365
1.262
1.449
2.424
2.446
2.538
2.291
2.111
2.146
2.458
2.560
3.579
3.944
4.051
3.916
3.770
3.404
3.141
3.003
2.950
2.663
2.649
2.497
2.027
1.365
1.262
1.449
2.424
2.446
2.538
2.291
2.111
2.146
2.458
2.560
3.579
3.944
4.051
3.916
3.770
3.404
3.141
3.003
2.950
2.663
2.649
2.497
2.027
1.365
1.262
1.449
2.424
2.446
2.538
2.291
2.111
2.146
2.458
2.560
3.579
3.944
4.051
3.916
3.770
3.404
3.141
3.003
2.950
2.663
2.649
2.497
2.027
1.365
1.262
1.449
2.424
2.446
2.538
2.291
2.111
2.146
2.458
2.560
3.579
3.944
4.051
3.916
3.770
3.404
3.141
3.003
2.950
2.663
2.649
2.497
2.027
1.365
1.262
1.425
2.425
2.401
2.357
2.093
1.944
1.949
2.086
1.740
2.025
2.155
2.242
2.249
2.056
1.864
1.719
1.730
1.846
1.894
1.894
1.708
1.344
1.103
1.159
1.442
2.401
2.389
2.454
2.244
2.074
2.043
2.185
1.613
1.617
1.609
1.652
1.575
1.600
1.537
1.505
1.531
1.661
1.683
1.674
1.582
1.337
1.073
1.196
1.449
2.424
2.446
2.538
2.291
2.111
2.146
2.458
2.560
3.579
3.944
4.051
3.916
3.770
3.404
3.141
3.003
2.950
2.663
2.649
2.497
2.027
1.365
1.262
1.449
2.424
2.446
2.538
2.291
2.111
2.146
2.458
2.560
3.579
3.944
4.051
3.916
3.770
3.404
3.141
3.003
2.950
2.663
2.649
2.497
2.027
1.365
1.262
1.449
2.424
2.446
2.538
2.291
2.111
2.146
2.458
2.560
3.579
3.944
4.051
3.916
3.770
3.404
3.141
3.003
2.950
2.663
2.649
2.497
2.027
1.365
1.262
1.449
2.424
2.446
2.538
2.291
2.111
2.146
2.458
2.560
3.579
3.944
4.051
3.916
3.770
3.404
3.141
3.003
2.950
2.663
2.649
2.497
2.027
1.365
1.262
1.449
2.424
2.446
2.538
2.291
2.111
2.146
2.458
2.560
3.579
3.944
4.051
3.916
3.770
3.404
3.141
3.003
2.950
2.663
2.649
2.497
2.027
1.365
1.262
1.425
2.425
2.401
2.357
2.093
1.944
1.949
2.086
1.740
2.025
2.155
2.242
2.249
2.056
1.864
1.719
1.730
1.846
1.894
1.894
1.708
1.344
1.103
1.159
1.442
2.401
2.389
2.454
2.244
2.074
2.043
2.185
1.613
1.617
1.609
1.652
1.575
1.600
1.537
1.505
1.531
1.661
1.683
1.674
1.582
1.337
1.073
1.196
1.449
2.424
2.446
2.538
2.291
2.111
2.146
2.458
2.560
3.579
3.944
4.051
3.916
3.770
3.404
3.141
3.003
2.950
2.663
2.649
2.497
2.027
1.365
1.262
1.449
2.424
2.446
2.538
2.291
2.111
2.146
2.458
2.560
3.579
3.944
4.051
3.916
3.770
3.404
3.141
3.003
2.950
2.663
2.649
2.497
2.027
1.365
1.262
1.449
2.424
2.446
2.538
2.291
2.111
2.146
2.458
2.560
3.579
3.944
4.051
3.916
3.770
3.404
3.141
3.003
2.950
2.663
2.649
2.497
2.027
1.365
1.262
1.449
2.424
2.446
2.538
2.291
2.111
2.146
2.458
2.560
3.579
3.944
4.051
3.916
3.770
3.404
3.141
3.003
2.950
2.663
2.649
2.497
2.027
1.365
1.262
1.449
2.424
2.446
2.538
2.291
2.111
2.146
2.458
2.560
3.579
3.944
4.051
3.916
3.770
3.404
3.141
3.003
2.950
2.663
2.649
2.497
2.027
1.365
1.262
1.425
2.425
2.401
2.357
2.093
1.944
1.949
2.086
1.740
2.025
2.155
2.242
2.249
2.056
1.864
1.719
1.730
1.846
1.894
1.894
1.708
1.344
1.103
1.159
1.442
2.401
2.389
2.454
2.244
2.074
2.043
2.185
1.613
1.617
1.609
1.652
1.575
1.600
1.537
1.505
1.531
1.661
1.683
1.674
1.582
1.337
1.073
1.196
1.449
2.424
2.446
2.538
2.291
2.111
2.146
2.458
2.560
3.579
3.944
4.051
3.916
3.770
3.404
3.141
3.003
2.950
2.663
2.649
2.497
2.027
1.365
1.262
1.449
2.424
2.446
2.538
2.291
2.111
2.146
2.458
2.560
3.579
3.944
4.051
3.916
3.770
3.404
3.141
3.003
2.950
2.663
2.649
2.497
2.027
1.365
1.262
1.449
2.424
2.446
2.538
2.291
2.111
2.146
2.458
2.560
3.579
3.944
4.051
3.916
3.770
3.404
3.141
3.003
2.950
2.663
2.649
2.497
2.027
1.365
1.262
1.449
2.424
2.446
2.538
2.291
2.111
2.146
2.458
2.560
3.579
3.944
4.051
3.916
3.770
3.404
3.141
3.003
2.950
2.663
2.649
2.497
2.027
1.365
1.262
1.449
2.424
2.446
2.538
2.291
2.111
2.146
2.458
2.560
3.579
3.944
4.051
3.916
3.770
3.404
3.141
3.003
2.950
2.663
2.649
2.497
2.027
1.365
1.262
1.425
2.425
2.401
2.357
2.093
1.944
1.949
2.086
1.740
2.025
2.155
2.242
2.249
2.056
1.864
1.719
1.730
1.846
1.894
1.894
1.708
1.344
1.103
1.159
1.444
2.404
2.393
2.458
2.248
2.078
2.046
2.188
1.616
1.620
1.612
1.655
1.577
1.602
1.539
1.507
1.533
1.663
1.686
1.677
1.585
1.339
1.075
1.198
1.451
2.428
2.450
2.542
2.295
2.114
2.149
2.462
2.564
3.584
3.950
4.057
3.922
3.776
3.409
3.146
3.008
2.955
2.667
2.653
2.501
2.030
1.367
1.264
1.451
2.428
2.450
2.542
2.295
2.114
2.149
2.462
2.564
3.584
3.950
4.057
3.922
3.776
3.409
3.146
3.008
2.955
2.667
2.653
2.501
2.030
1.367
1.264
1.451
2.428
2.450
2.542
2.295
2.114
2.149
2.462
2.564
3.584
3.950
4.057
3.922
3.776
3.409
3.146
3.008
2.955
2.667
2.653
2.501
2.030
1.367
1.264
1.451
2.428
2.450
2.542
2.295
2.114
2.149
2.462
2.564
3.584
3.950
4.057
3.922
3.776
3.409
3.146
3.008
2.955
2.667
2.653
2.501
2.030
1.367
1.264
1.451
2.428
2.450
2.542
2.295
2.114
2.149
2.462
2.564
3.584
3.950
4.057
3.922
3.776
3.409
3.146
3.008
2.955
2.667
2.653
2.501
2.030
1.367
1.264
1.428
2.429
2.405
2.361
2.096
1.947
1.952
2.089
1.743
2.029
2.159
2.245
2.253
2.059
1.867
1.721
1.733
1.848
1.897
1.896
1.710
1.346
1.104
1.161
1.444
2.404
2.393
2.458
2.248
2.078
2.046
2.188
1.616
1.620
1.612
1.655
1.577
1.602
1.539
1.507
1.533
1.663
1.686
1.677
1.585
1.339
1.075
1.198
1.451
2.428
2.450
2.542
2.295
2.114
2.149
2.462
2.564
3.584
3.950
4.057
3.922
3.776
3.409
3.146
3.008
2.955
2.667
2.653
2.501
2.030
1.367
1.264
1.451
2.428
2.450
2.542
2.295
2.114
2.149
2.462
2.564
3.584
3.950
4.057
3.922
3.776
3.409
3.146
3.008
2.955
2.667
2.653
2.501
2.030
1.367
1.264
1.451
2.428
2.450
2.542
2.295
2.114
2.149
2.462
2.564
3.584
3.950
4.057
3.922
3.776
3.409
3.146
3.008
2.955
2.667
2.653
2.501
2.030
1.367
1.264
1.451
2.428
2.450
2.542
2.295
2.114
2.149
2.462
2.564
3.584
3.950
4.057
3.922
3.776
3.409
3.146
3.008
2.955
2.667
2.653
2.501
2.030
1.367
1.264
1.451
2.428
2.450
2.542
2.295
2.114
2.149
2.462
2.564
3.584
3.950
4.057
3.922
3.776
3.409
3.146
3.008
2.955
2.667
2.653
2.501
2.030
1.367
1.264
1.428
2.429
2.405
2.361
2.096
1.947
1.952
2.089
1.743
2.029
2.159
2.245
2.253
2.059
1.867
1.721
1.733
1.848
1.897
1.896
1.710
1.346
1.104
1.161
1.444
2.404
2.393
2.458
2.248
2.078
2.046
2.188
1.616
1.620
1.612
1.655
1.577
1.602
1.539
1.507
1.533
1.663
1.686
1.677
1.585
1.339
1.075
1.198
1.451
2.428
2.450
2.542
2.295
2.114
2.149
2.462
2.564
3.584
3.950
4.057
3.922
3.776
3.409
3.146
3.008
2.955
2.667
2.653
2.501
2.030
1.367
1.264
1.451
2.428
2.450
2.542
2.295
2.114
2.149
2.462
2.564
3.584
3.950
4.057
3.922
3.776
3.409
3.146
3.008
2.955
2.667
2.653
2.501
2.030
1.367
1.264
1.451
2.428
2.450
2.542
2.295
2.114
2.149
2.462
2.564
3.584
3.950
4.057
3.922
3.776
3.409
3.146
3.008
2.955
2.667
2.653
2.501
2.030
1.367
1.264
1.451
2.428
2.450
2.542
2.295
2.114
2.149
2.462
2.564
3.584
3.950
4.057
3.922
3.776
3.409
3.146
3.008
2.955
2.667
2.653
2.501
2.030
1.367
1.264
1.451
2.428
2.450
2.542
2.295
2.114
2.149
2.462
2.564
3.584
3.950
4.057
3.922
3.776
3.409
3.146
3.008
2.955
2.667
2.653
2.501
2.030
1.367
1.264
1.428
2.429
2.405
2.361
2.096
1.947
1.952
2.089
1.743
2.029
2.159
2.245
2.253
2.059
1.867
1.721
1.733
1.848
1.897
1.896
1.710
1.346
1.104
1.161
1.444
2.404
2.393
2.458
2.248
2.078
2.046
2.188
1.616
1.620
1.612
1.655
1.577
1.602
1.539
1.507
1.533
1.663
1.686
1.677
1.585
1.339
1.075
1.198
1.451
2.428
2.450
2.542
2.295
2.114
2.149
2.462
2.564
3.584
3.950
4.057
3.922
3.776
3.409
3.146
3.008
2.955
2.667
2.653
2.501
2.030
1.367
1.264
1.451
2.428
2.450
2.542
2.295
2.114
2.149
2.462
2.564
3.584
3.950
4.057
3.922
3.776
3.409
3.146
3.008
2.955
2.667
2.653
2.501
2.030
1.367
1.264
1.451
2.428
2.450
2.542
2.295
2.114
2.149
2.462
2.564
3.584
3.950
4.057
3.922
3.776
3.409
3.146
3.008
2.955
2.667
2.653
2.501
2.030
1.367
1.264
1.451
2.428
2.450
2.542
2.295
2.114
2.149
2.462
2.564
3.584
3.950
4.057
3.922
3.776
3.409
3.146
3.008
2.955
2.667
2.653
2.501
2.030
1.367
1.264
1.451
2.428
2.450
2.542
2.295
2.114
2.149
2.462
2.564
3.584
3.950
4.057
3.922
3.776
3.409
3.146
3.008
2.955
2.667
2.653
2.501
2.030
1.367
1.264
1.428
2.429
2.405
2.361
2.096
1.947
1.952
2.089
1.743
2.029
2.159
2.245
2.253
2.059
1.867
1.721
1.733
1.848
1.897
1.896
1.710
1.346
1.104
1.161
1.505
2.505
2.493
2.561
2.342
2.165
2.132
2.280
1.684
1.688
1.679
1.724
1.643
1.669
1.604
1.570
1.597
1.733
1.757
1.747
1.651
1.395
1.120
1.249
1.512
2.530
2.552
2.649
2.391
2.203
2.239
2.565
2.671
3.735
4.116
4.227
4.086
3.934
3.552
3.278
3.134
3.079
2.779
2.764
2.606
2.115
1.424
1.317
1.512
2.530
2.552
2.649
2.391
2.203
2.239
2.565
2.671
3.735
4.116
4.227
4.086
3.934
3.552
3.278
3.134
3.079
2.779
2.764
2.606
2.115
1.424
1.317
1.512
2.530
2.552
2.649
2.391
2.203
2.239
2.565
2.671
3.735
4.116
4.227
4.086
3.934
3.552
3.278
3.134
3.079
2.779
2.764
2.606
2.115
1.424
1.317
1.512
2.530
2.552
2.649
2.391
2.203
2.239
2.565
2.671
3.735
4.116
4.227
4.086
3.934
3.552
3.278
3.134
3.079
2.779
2.764
2.606
2.115
1.424
1.317
1.512
2.530
2.552
2.649
2.391
2.203
2.239
2.565
2.671
3.735
4.116
4.227
4.086
3.934
3.552
3.278
3.134
3.079
2.779
2.764
2.606
2.115
1.424
1.317
1.487
2.531
2.506
2.460
2.184
2.029
2.034
2.177
1.816
2.114
2.249
2.339
2.347
2.146
1.946
1.793
1.806
1.926
1.976
1.976
1.782
1.402
1.151
1.209
1.505
2.505
2.493
2.561
2.342
2.165
2.132
2.280
1.684
1.688
1.679
1.724
1.643
1.669
1.604
1.570
1.597
1.733
1.757
1.747
1.651
1.395
1.120
1.249
1.512
2.530
2.552
2.649
2.391
2.203
2.239
2.565
2.671
3.735
4.116
4.227
4.086
3.934
3.552
3.278
3.134
3.079
2.779
2.764
2.606
2.115
1.424
1.317
1.512
2.530
2.552
2.649
2.391
2.203
2.239
2.565
2.671
3.735
4.116
4.227
4.086
3.934
3.552
3.278
3.134
3.079
2.779
2.764
2.606
2.115
1.424
1.317
1.512
2.530
2.552
2.649
2.391
2.203
2.239
2.565
2.671
3.735
4.116
4.227
4.086
3.934
3.552
3.278
3.134
3.079
2.779
2.764
2.606
2.115
1.424
1.317
1.512
2.530
2.552
2.649
2.391
2.203
2.239
2.565
2.671
3.735
4.116
4.227
4.086
3.934
3.552
3.278
3.134
3.079
2.779
2.764
2.606
2.115
1.424
1.317
1.512
2.530
2.552
2.649
2.391
2.203
2.239
2.565
2.671
3.735
4.116
4.227
4.086
3.934
3.552
3.278
3.134
3.079
2.779
2.764
2.606
2.115
1.424
1.317
1.487
2.531
2.506
2.460
2.184
2.029
2.034
2.177
1.816
2.114
2.249
2.339
2.347
2.146
1.946
1.793
1.806
1.926
1.976
1.976
1.782
1.402
1.151
1.209
1.505
2.505
2.493
2.561
2.342
2.165
2.132
2.280
1.684
1.688
1.679
1.724
1.643
1.669
1.604
1.570
1.597
1.733
1.757
1.747
1.651
1.395
1.120
1.249
1.512
2.530
2.552
2.649
2.391
2.203
2.239
2.565
2.671
3.735
4.116
4.227
4.086
3.934
3.552
3.278
3.134
3.079
2.779
2.764
2.606
2.115
1.424
1.317
1.512
2.530
2.552
2.649
2.391
2.203
2.239
2.565
2.671
3.735
4.116
4.227
4.086
3.934
3.552
3.278
3.134
3.079
2.779
2.764
2.606
2.115
1.424
1.317
1.512
2.530
2.552
2.649
2.391
2.203
2.239
2.565
2.671
3.735
4.116
4.227
4.086
3.934
3.552
3.278
3.134
3.079
2.779
2.764
2.606
2.115
1.424
1.317
1.512
2.530
2.552
2.649
2.391
2.203
2.239
2.565
2.671
3.735
4.116
4.227
4.086
3.934
3.552
3.278
3.134
3.079
2.779
2.764
2.606
2.115
1.424
1.317
1.512
2.530
2.552
2.649
2.391
2.203
2.239
2.565
2.671
3.735
4.116
4.227
4.086
3.934
3.552
3.278
3.134
3.079
2.779
2.764
2.606
2.115
1.424
1.317
1.487
2.531
2.506
2.460
2.184
2.029
2.034
2.177
1.816
2.114
2.249
2.339
2.347
2.146
1.946
1.793
1.806
1.926
1.976
1.976
1.782
1.402
1.151
1.209
1.505
2.505
2.493
2.561
2.342
2.165
2.132
2.280
1.684
1.688
1.679
1.724
1.643
1.669
1.604
1.570
1.597
1.733
1.757
1.747
1.651
1.395
1.120
1.249
1.512
2.530
2.552
2.649
2.391
2.203
2.239
2.565
2.671
3.735
4.116
4.227
4.086
3.934
3.552
3.278
3.134
3.079
2.779
2.764
2.606
2.115
1.424
1.317
1.512
2.530
2.552
2.649
2.391
2.203
2.239
2.565
2.671
3.735
4.116
4.227
4.086
3.934
3.552
3.278
3.134
3.079
2.779
2.764
2.606
2.115
1.424
1.317
1.512
2.530
2.552
2.649
2.391
2.203
2.239
2.565
2.671
3.735
4.116
4.227
4.086
3.934
3.552
3.278
3.134
3.079
2.779
2.764
2.606
2.115
1.424
1.317
1.512
2.530
2.552
2.649
2.391
2.203
2.239
2.565
2.671
3.735
4.116
4.227
4.086
3.934
3.552
3.278
3.134
3.079
2.779
2.764
2.606
2.115
1.424
1.317
1.512
2.530
2.552
2.649
2.391
2.203
2.239
2.565
2.671
3.735
4.116
4.227
4.086
3.934
3.552
3.278
3.134
3.079
2.779
2.764
2.606
2.115
1.424
1.317
1.487
2.531
2.506
2.460
2.184
2.029
2.034
2.177
1.816
2.114
2.249
2.339
2.347
2.146
1.946
1.793
1.806
1.926
1.976
1.976
1.782
1.402
1.151
1.209
0.242
0.842
1.622
1.675
1.738
1.679
1.299
1.662
1.391
0.864
0.781
0.589
0.540
0.527
0.734
0.671
0.593
0.512
0.445
0.466
0.609
0.649
0.584
0.242
0.941
1.593
1.670
1.671
1.543
1.425
1.527
1.654
2.104
2.328
2.290
2.278
2.092
1.938
1.733
1.560
1.310
1.015
0.949
1.009
1.049
0.851
0.704
0.756
0.941
1.593
1.670
1.671
1.543
1.425
1.527
1.654
2.104
2.328
2.290
2.278
2.092
1.938
1.733
1.560
1.310
1.015
0.949
1.009
1.049
0.851
0.704
0.756
0.985
1.667
1.747
1.748
1.614
1.491
1.597
1.730
2.201
2.436
2.396
2.383
2.188
2.028
1.813
1.632
1.371
1.062
0.993
1.056
1.097
0.890
0.737
0.791
0.985
1.667
1.747
1.748
1.614
1.491
1.597
1.730
2.201
2.436
2.396
2.383
2.188
2.028
1.813
1.632
1.371
1.062
0.993
1.056
1.097
0.890
0.737
0.791
0.985
1.667
1.747
1.748
1.614
1.491
1.597
1.730
2.201
2.436
2.396
2.383
2.188
2.028
1.813
1.632
1.371
1.062
0.993
1.056
1.097
0.890
0.737
0.791
1.095
1.818
1.815
1.838
1.588
1.409
1.482
1.425
1.414
1.147
0.929
1.044
0.981
0.841
0.677
0.685
0.608
0.531
0.359
0.423
0.590
0.545
0.482
0.528
0.881
1.697
1.752
1.819
1.757
1.359
1.739
1.455
0.904
0.817
0.617
0.565
0.552
0.768
0.702
0.620
0.535
0.465
0.488
0.638
0.679
0.611
0.558
0.253
0.985
1.667
1.747
1.748
1.614
1.491
1.597
1.730
2.201
2.436
2.396
2.383
2.188
2.028
1.813
1.632
1.371
1.062
0.993
1.056
1.097
0.890
0.737
0.791
0.985
1.667
1.747
1.748
1.614
1.491
1.597
1.730
2.201
2.436
2.396
2.383
2.188
2.028
1.813
1.632
1.371
1.062
0.993
1.056
1.097
0.890
0.737
0.791
0.985
1.667
1.747
1.748
1.614
1.491
1.597
1.730
2.201
2.436
2.396
2.383
2.188
2.028
1.813
1.632
1.371
1.062
0.993
1.056
1.097
0.890
0.737
0.791
0.985
1.667
1.747
1.748
1.614
1.491
1.597
1.730
2.201
2.436
2.396
2.383
2.188
2.028
1.813
1.632
1.371
1.062
0.993
1.056
1.097
0.890
0.737
0.791
0.985
1.667
1.747
1.748
1.614
1.491
1.597
1.730
2.201
2.436
2.396
2.383
2.188
2.028
1.813
1.632
1.371
1.062
0.993
1.056
1.097
0.890
0.737
0.791
1.095
1.818
1.815
1.838
1.588
1.409
1.482
1.425
1.414
1.147
0.929
1.044
0.981
0.841
0.677
0.685
0.608
0.531
0.359
0.423
0.590
0.545
0.482
0.528
0.881
1.697
1.752
1.819
1.757
1.359
1.739
1.455
0.904
0.817
0.617
0.565
0.552
0.768
0.702
0.620
0.535
0.465
0.488
0.638
0.679
0.611
0.558
0.253
0.985
1.667
1.747
1.748
1.614
1.491
1.597
1.730
2.201
2.436
2.396
2.383
2.188
2.028
1.813
1.632
1.371
1.062
0.993
1.056
1.097
0.890
0.737
0.791
0.985
1.667
1.747
1.748
1.614
1.491
1.597
1.730
2.201
2.436
2.396
2.383
2.188
2.028
1.813
1.632
1.371
1.062
0.993
1.056
1.097
0.890
0.737
0.791
0.985
1.667
1.747
1.748
1.614
1.491
1.597
1.730
2.201
2.436
2.396
2.383
2.188
2.028
1.813
1.632
1.371
1.062
0.993
1.056
1.097
0.890
0.737
0.791
0.985
1.667
1.747
1.748
1.614
1.491
1.597
1.730
2.201
2.436
2.396
2.383
2.188
2.028
1.813
1.632
1.371
1.062
0.993
1.056
1.097
0.890
0.737
0.791
0.985
1.667
1.747
1.748
1.614
1.491
1.597
1.730
2.201
2.436
2.396
2.383
2.188
2.028
1.813
1.632
1.371
1.062
0.993
1.056
1.097
0.890
0.737
0.791
0.467
0.612
0.527
0.545
0.571
0.312
0.497
0.600
0.696
0.694
0.599
0.681
0.661
0.634
0.556
0.606
0.514
0.459
0.407
0.324
0.299
0.296
0.290
0.344
0.421
0.467
0.614
0.565
0.408
0.336
0.450
0.397
0.455
0.503
0.453
0.578
0.697
0.471
0.555
0.504
0.432
0.343
0.325
0.281
0.284
0.284
0.267
0.317
0.377
0.519
0.532
0.534
0.360
0.270
0.589
0.791
1.291
1.508
1.527
1.596
1.499
1.365
1.269
1.207
1.038
0.755
0.568
0.435
0.326
0.396
0.283
0.287
0.377
0.519
0.532
0.534
0.360
0.270
0.589
0.791
1.291
1.508
1.527
1.596
1.499
1.365
1.269
1.207
1.038
0.755
0.568
0.435
0.326
0.396
0.283
0.287
0.377
0.519
0.532
0.534
0.360
0.270
0.589
0.791
1.291
1.508
1.527
1.596
1.499
1.365
1.269
1.207
1.038
0.755
0.568
0.435
0.326
0.396
0.283
0.287
0.377
0.519
0.532
0.534
0.360
0.270
0.589
0.791
1.291
1.508
1.527
1.596
1.499
1.365
1.269
1.207
1.038
0.755
0.568
0.435
0.326
0.396
0.283
0.287
0.377
0.519
0.532
0.534
0.360
0.270
0.589
0.791
1.291
1.508
1.527
1.596
1.499
1.365
1.269
1.207
1.038
0.755
0.568
0.435
0.326
0.396
0.283
0.287
0.467
0.612
0.527
0.545
0.571
0.312
0.497
0.600
0.696
0.694
0.599
0.681
0.661
0.634
0.556
0.606
0.514
0.459
0.407
0.324
0.299
0.296
0.290
0.344
0.421
0.467
0.614
0.565
0.408
0.336
0.450
0.397
0.455
0.503
0.453
0.578
0.697
0.471
0.555
0.504
0.432
0.343
0.325
0.281
0.284
0.284
0.267
0.317
0.377
0.519
0.532
0.534
0.360
0.270
0.589
0.791
1.291
1.508
1.527
1.596
1.499
1.365
1.269
1.207
1.038
0.755
0.568
0.435
0.326
0.396
0.283
0.287
0.377
0.519
0.532
0.534
0.360
0.270
0.589
0.791
1.291
1.508
1.527
1.596
1.499
1.365
1.269
1.207
1.038
0.755
0.568
0.435
0.326
0.396
0.283
0.287
0.377
0.519
0.532
0.534
0.360
0.270
0.589
0.791
1.291
1.508
1.527
1.596
1.499
1.365
1.269
1.207
1.038
0.755
0.568
0.435
0.326
0.396
0.283
0.287
0.377
0.519
0.532
0.534
0.360
0.270
0.589
0.791
1.291
1.508
1.527
1.596
1.499
1.365
1.269
1.207
1.038
0.755
0.568
0.435
0.326
0.396
0.283
0.287
0.406
0.560
0.574
0.576
0.388
0.291
0.635
0.853
1.392
1.626
1.646
1.721
1.616
1.471
1.368
1.302
1.119
0.814
0.612
0.469
0.351
0.427
0.305
0.310
0.503
0.659
0.569
0.587
0.616
0.337
0.536
0.647
0.750
0.748
0.645
0.734
0.713
0.683
0.600
0.653
0.554
0.495
0.439
0.349
0.322
0.319
0.313
0.371
0.454
0.503
0.661
0.609
0.440
0.362
0.485
0.428
0.491
0.542
0.489
0.623
0.751
0.508
0.598
0.544
0.466
0.370
0.350
0.303
0.306
0.306
0.288
0.341
0.406
0.560
0.574
0.576
0.388
0.291
0.635
0.853
1.392
1.626
1.646
1.721
1.616
1.471
1.368
1.302
1.119
0.814
0.612
0.469
0.351
0.427
0.305
0.310
0.406
0.560
0.574
0.576
0.388
0.291
0.635
0.853
1.392
1.626
1.646
1.721
1.616
1.471
1.368
1.302
1.119
0.814
0.612
0.469
0.351
0.427
0.305
0.310
0.406
0.560
0.574
0.576
0.388
0.291
0.635
0.853
1.392
1.626
1.646
1.721
1.616
1.471
1.368
1.302
1.119
0.814
0.612
0.469
0.351
0.427
0.305
0.310
0.406
0.560
0.574
0.576
0.388
0.291
0.635
0.853
1.392
1.626
1.646
1.721
1.616
1.471
1.368
1.302
1.119
0.814
0.612
0.469
0.351
0.427
0.305
0.310
0.406
0.560
0.574
0.576
0.388
0.291
0.635
0.853
1.392
1.626
1.646
1.721
1.616
1.471
1.368
1.302
1.119
0.814
0.612
0.469
0.351
0.427
0.305
0.310
0.503
0.659
0.569
0.587
0.616
0.337
0.536
0.647
0.750
0.748
0.645
0.734
0.713
0.683
0.600
0.653
0.554
0.495
0.439
0.349
0.322
0.319
0.313
0.371
0.454
0.503
0.661
0.609
0.440
0.362
0.485
0.428
0.491
0.542
0.489
0.623
0.751
0.508
0.598
0.544
0.466
0.370
0.350
0.303
0.306
0.306
0.288
0.341
0.406
0.560
0.574
0.576
0.388
0.291
0.635
0.853
1.392
1.626
1.646
1.721
1.616
1.471
1.368
1.302
1.119
0.814
0.612
0.469
0.351
0.427
0.305
0.310
0.406
0.560
0.574
0.576
0.388
0.291
0.635
0.853
1.392
1.626
1.646
1.721
1.616
1.471
1.368
1.302
1.119
0.814
0.612
0.469
0.351
0.427
0.305
0.310
0.406
0.560
0.574
0.576
0.388
0.291
0.635
0.853
1.392
1.626
1.646
1.721
1.616
1.471
1.368
1.302
1.119
0.814
0.612
0.469
0.351
0.427
0.305
0.310
0.406
0.560
0.574
0.576
0.388
0.291
0.635
0.853
1.392
1.626
1.646
1.721
1.616
1.471
1.368
1.302
1.119
0.814
0.612
0.469
0.351
0.427
0.305
0.310
0.406
0.560
0.574
0.576
0.388
0.291
0.635
0.853
1.392
1.626
1.646
1.721
1.616
1.471
1.368
1.302
1.119
0.814
0.612
0.469
0.351
0.427
0.305
0.310
0.503
0.659
0.569
0.587
0.616
0.337
0.536
0.647
0.750
0.748
0.645
0.734
0.713
0.683
0.600
0.653
0.554
0.495
0.439
0.349
0.322
0.319
0.313
0.371
0.454
0.503
0.661
0.609
0.440
0.362
0.485
0.428
0.491
0.542
0.489
0.623
0.751
0.508
0.598
0.544
0.466
0.370
0.350
0.303
0.306
0.306
0.288
0.341
0.406
0.560
0.574
0.576
0.388
0.291
0.635
0.853
1.392
1.626
1.646
1.721
1.616
1.471
1.368
1.302
1.119
0.814
0.612
0.469
0.351
0.427
0.305
0.310
0.406
0.560
0.574
0.576
0.388
0.291
0.635
0.853
1.392
1.626
1.646
1.721
1.616
1.471
1.368
1.302
1.119
0.814
0.612
0.469
0.351
0.427
0.305
0.310
0.406
0.560
0.574
0.576
0.388
0.291
0.635
0.853
1.392
1.626
1.646
1.721
1.616
1.471
1.368
1.302
1.119
0.814
0.612
0.469
0.351
0.427
0.305
0.310
0.406
0.560
0.574
0.576
0.388
0.291
0.635
0.853
1.392
1.626
1.646
1.721
1.616
1.471
1.368
1.302
1.119
0.814
0.612
0.469
0.351
0.427
0.305
0.310
0.406
0.560
0.574
0.576
0.388
0.291
0.635
0.853
1.392
1.626
1.646
1.721
1.616
1.471
1.368
1.302
1.119
0.814
0.612
0.469
0.351
0.427
0.305
0.310
0.503
0.659
0.569
0.587
0.616
0.337
0.536
0.647
0.750
0.748
0.645
0.734
0.713
0.683
0.600
0.653
0.554
0.495
0.439
0.349
0.322
0.319
0.313
0.371
0.454
0.503
0.661
0.609
0.440
0.362
0.485
0.428
0.491
0.542
0.489
0.623
0.751
0.508
0.598
0.544
0.466
0.370
0.350
0.303
0.306
0.306
0.288
0.341
0.406
0.560
0.574
0.576
0.388
0.291
0.635
0.853
1.392
1.626
1.646
1.721
1.616
1.471
1.368
1.302
1.119
0.814
0.612
0.469
0.351
0.427
0.305
0.310
0.406
0.560
0.574
0.576
0.388
0.291
0.635
0.853
1.392
1.626
1.646
1.721
1.616
1.471
1.368
1.302
1.119
0.814
0.612
0.469
0.351
0.427
0.305
0.310
0.406
0.560
0.574
0.576
0.388
0.291
0.635
0.853
1.392
1.626
1.646
1.721
1.616
1.471
1.368
1.302
1.119
0.814
0.612
0.469
0.351
0.427
0.305
0.310
0.406
0.560
0.574
0.576
0.388
0.291
0.635
0.853
1.392
1.626
1.646
1.721
1.616
1.471
1.368
1.302
1.119
0.814
0.612
0.469
0.351
0.427
0.305
0.310
0.406
0.560
0.574
0.576
0.388
0.291
0.635
0.853
1.392
1.626
1.646
1.721
1.616
1.471
1.368
1.302
1.119
0.814
0.612
0.469
0.351
0.427
0.305
0.310
0.503
0.659
0.569
0.587
0.616
0.337
0.536
0.647
0.750
0.748
0.645
0.734
0.713
0.683
0.600
0.653
0.554
0.495
0.439
0.349
0.322
0.319
0.313
0.371
0.454
0.503
0.661
0.609
0.440
0.362
0.485
0.428
0.491
0.542
0.489
0.623
0.751
0.508
0.598
0.544
0.466
0.370
0.350
0.303
0.306
0.306
0.288
0.341
0.437
0.602
0.617
0.619
0.417
0.312
0.682
0.917
1.495
1.747
1.769
1.850
1.736
1.581
1.471
1.399
1.202
0.875
0.658
0.504
0.378
0.459
0.327
0.333
0.437
0.602
0.617
0.619
0.417
0.312
0.682
0.917
1.495
1.747
1.769
1.850
1.736
1.581
1.471
1.399
1.202
0.875
0.658
0.504
0.378
0.459
0.327
0.333
0.437
0.602
0.617
0.619
0.417
0.312
0.682
0.917
1.495
1.747
1.769
1.850
1.736
1.581
1.471
1.399
1.202
0.875
0.658
0.504
0.378
0.459
0.327
0.333
0.437
0.602
0.617
0.619
0.417
0.312
0.682
0.917
1.495
1.747
1.769
1.850
1.736
1.581
1.471
1.399
1.202
0.875
0.658
0.504
0.378
0.459
0.327
0.333
0.437
0.602
0.617
0.619
0.417
0.312
0.682
0.917
1.495
1.747
1.769
1.850
1.736
1.581
1.471
1.399
1.202
0.875
0.658
0.504
0.378
0.459
0.327
0.333
0.540
0.708
0.611
0.631
0.662
0.362
0.576
0.695
0.806
0.804
0.694
0.789
0.766
0.734
0.644
0.702
0.595
0.532
0.472
0.375
0.346
0.343
0.336
0.398
0.488
0.541
0.711
0.654
0.473
0.389
0.521
0.460
0.527
0.583
0.525
0.669
0.807
0.546
0.642
0.584
0.501
0.398
0.376
0.325
0.329
0.329
0.310
0.367
0.437
0.602
0.617
0.619
0.417
0.312
0.682
0.917
1.495
1.747
1.769
1.850
1.736
1.581
1.471
1.399
1.202
0.875
0.658
0.504
0.378
0.459
0.327
0.333
0.437
0.602
0.617
0.619
0.417
0.312
0.682
0.917
1.495
1.747
1.769
1.850
1.736
1.581
1.471
1.399
1.202
0.875
0.658
0.504
0.378
0.459
0.327
0.333
0.437
0.602
0.617
0.619
0.417
0.312
0.682
0.917
1.495
1.747
1.769
1.850
1.736
1.581
1.471
1.399
1.202
0.875
0.658
0.504
0.378
0.459
0.327
0.333
0.437
0.602
0.617
0.619
0.417
0.312
0.682
0.917
1.495
1.747
1.769
1.850
1.736
1.581
1.471
1.399
1.202
0.875
0.658
0.504
0.378
0.459
0.327
0.333
0.437
0.602
0.617
0.619
0.417
0.312
0.682
0.917
1.495
1.747
1.769
1.850
1.736
1.581
1.471
1.399
1.202
0.875
0.658
0.504
0.378
0.459
0.327
0.333
0.540
0.708
0.611
0.631
0.662
0.362
0.576
0.695
0.806
0.804
0.694
0.789
0.766
0.734
0.644
0.702
0.595
0.532
0.472
0.375
0.346
0.343
0.336
0.398
0.488
0.541
0.711
0.654
0.473
0.389
0.521
0.460
0.527
0.583
0.525
0.669
0.807
0.546
0.642
0.584
0.501
0.398
0.376
0.325
0.329
0.329
0.310
0.367
0.437
0.602
0.617
0.619
0.417
0.312
0.682
0.917
1.495
1.747
1.769
1.850
1.736
1.581
1.471
1.399
1.202
0.875
0.658
0.504
0.378
0.459
0.327
0.333
0.437
0.602
0.617
0.619
0.417
0.312
0.682
0.917
1.495
1.747
1.769
1.850
1.736
1.581
1.471
1.399
1.202
0.875
0.658
0.504
0.378
0.459
0.327
0.333
0.437
0.602
0.617
0.619
0.417
0.312
0.682
0.917
1.495
1.747
1.769
1.850
1.736
1.581
1.471
1.399
1.202
0.875
0.658
0.504
0.378
0.459
0.327
0.333
0.437
0.602
0.617
0.619
0.417
0.312
0.682
0.917
1.495
1.747
1.769
1.850
1.736
1.581
1.471
1.399
1.202
0.875
0.658
0.504
0.378
0.459
0.327
0.333
0.437
0.602
0.617
0.619
0.417
0.312
0.682
0.917
1.495
1.747
1.769
1.850
1.736
1.581
1.471
1.399
1.202
0.875
0.658
0.504
0.378
0.459
0.327
0.333
0.540
0.708
0.611
0.631
0.662
0.362
0.576
0.695
0.806
0.804
0.694
0.789
0.766
0.734
0.644
0.702
0.595
0.532
0.472
0.375
0.346
0.343
0.336
0.398
0.488
0.541
0.711
0.654
0.473
0.389
0.521
0.460
0.527
0.583
0.525
0.669
0.807
0.546
0.642
0.584
0.501
0.398
0.376
0.325
0.329
0.329
0.310
0.367
0.437
0.602
0.617
0.619
0.417
0.312
0.682
0.917
1.495
1.747
1.769
1.850
1.736
1.581
1.471
1.399
1.202
0.875
0.658
0.504
0.378
0.459
0.327
0.333
0.437
0.602
0.617
0.619
0.417
0.312
0.682
0.917
1.495
1.747
1.769
1.850
1.736
1.581
1.471
1.399
1.202
0.875
0.658
0.504
0.378
0.459
0.327
0.333
0.437
0.602
0.617
0.619
0.417
0.312
0.682
0.917
1.495
1.747
1.769
1.850
1.736
1.581
1.471
1.399
1.202
0.875
0.658
0.504
0.378
0.459
0.327
0.333
0.437
0.602
0.617
0.619
0.417
0.312
0.682
0.917
1.495
1.747
1.769
1.850
1.736
1.581
1.471
1.399
1.202
0.875
0.658
0.504
0.378
0.459
0.327
0.333
0.437
0.602
0.617
0.619
0.417
0.312
0.682
0.917
1.495
1.747
1.769
1.850
1.736
1.581
1.471
1.399
1.202
0.875
0.658
0.504
0.378
0.459
0.327
0.333
0.292
0.292
0.290
0.288
0.291
0.309
0.348
0.417
0.507
0.560
0.586
0.591
0.570
0.552
0.546
0.525
0.482
0.403
0.352
0.341
0.346
0.343
0.327
0.307
0.290
0.290
0.291
0.287
0.289
0.296
0.305
0.331
0.356
0.381
0.412
0.428
0.419
0.417
0.409
0.400
0.371
0.344
0.330
0.325
0.329
0.329
0.310
0.293
0.289
0.290
0.290
0.289
0.291
0.312
0.367
0.499
0.646
0.712
0.744
0.761
0.752
0.748
0.747
0.727
0.656
0.507
0.413
0.385
0.378
0.362
0.327
0.306
0.289
0.290
0.290
0.289
0.291
0.312
0.367
0.499
0.646
0.712
0.744
0.761
0.752
0.748
0.747
0.727
0.656
0.507
0.413
0.385
0.378
0.362
0.327
0.306
0.309
0.310
0.310
0.309
0.311
0.334
0.393
0.534
0.691
0.762
0.796
0.814
0.805
0.800
0.800
0.778
0.702
0.542
0.442
0.412
0.404
0.387
0.350
0.327
0.309
0.310
0.310
0.309
0.311
0.334
0.393
0.534
0.691
0.762
0.796
0.814
0.805
0.800
0.800
0.778
0.702
0.542
0.442
0.412
0.404
0.387
0.350
0.327
0.309
0.310
0.310
0.309
0.311
0.334
0.393
0.534
0.691
0.762
0.796
0.814
0.805
0.800
0.800
0.778
0.702
0.542
0.442
0.412
0.404
0.387
0.350
0.327
0.312
0.312
0.310
0.309
0.312
0.330
0.373
0.446
0.543
0.599
0.627
0.632
0.610
0.590
0.584
0.561
0.516
0.432
0.376
0.365
0.370
0.367
0.349
0.328
0.311
0.311
0.311
0.307
0.309
0.317
0.326
0.355
0.381
0.408
0.441
0.458
0.449
0.446
0.438
0.428
0.397
0.368
0.353
0.348
0.352
0.351
0.331
0.314
0.309
0.310
0.310
0.309
0.311
0.334
0.393
0.534
0.691
0.762
0.796
0.814
0.805
0.800
0.800
0.778
0.702
0.542
0.442
0.412
0.404
0.387
0.350
0.327
0.309
0.310
0.310
0.309
0.311
0.334
0.393
0.534
0.691
0.762
0.796
0.814
0.805
0.800
0.800
0.778
0.702
0.542
0.442
0.412
0.404
0.387
0.350
0.327
0.309
0.310
0.310
0.309
0.311
0.334
0.393
0.534
0.691
0.762
0.796
0.814
0.805
0.800
0.800
0.778
0.702
0.542
0.442
0.412
0.404
0.387
0.350
0.327
0.309
0.310
0.310
0.309
0.311
0.334
0.393
0.534
0.691
0.762
0.796
0.814
0.805
0.800
0.800
0.778
0.702
0.542
0.442
0.412
0.404
0.387
0.350
0.327
0.309
0.310
0.310
0.309
0.311
0.334
0.393
0.534
0.691
0.762
0.796
0.814
0.805
0.800
0.800
0.778
0.702
0.542
0.442
0.412
0.404
0.387
0.350
0.327
0.312
0.312
0.310
0.309
0.312
0.330
0.373
0.446
0.543
0.599
0.627
0.632
0.610
0.590
0.584
0.561
0.516
0.432
0.376
0.365
0.370
0.367
0.349
0.328
0.311
0.311
0.311
0.307
0.309
0.317
0.326
0.355
0.381
0.408
0.441
0.458
0.449
0.446
0.438
0.428
0.397
0.368
0.353
0.348
0.352
0.351
0.331
0.314
0.309
0.310
0.310
0.309
0.311
0.334
0.393
0.534
0.691
0.762
0.796
0.814
0.805
0.800
0.800
0.778
0.702
0.542
0.442
0.412
0.404
0.387
0.350
0.327
0.309
0.310
0.310
0.309
0.311
0.334
0.393
0.534
0.691
0.762
0.796
0.814
0.805
0.800
0.800
0.778
0.702
0.542
0.442
0.412
0.404
0.387
0.350
0.327
0.309
0.310
0.310
0.309
0.311
0.334
0.393
0.534
0.691
0.762
0.796
0.814
0.805
0.800
0.800
0.778
0.702
0.542
0.442
0.412
0.404
0.387
0.350
0.327
0.309
0.310
0.310
0.309
0.311
0.334
0.393
0.534
0.691
0.762
0.796
0.814
0.805
0.800
0.800
0.778
0.702
0.542
0.442
0.412
0.404
0.387
0.350
0.327
0.309
0.310
0.310
0.309
0.311
0.334
0.393
0.534
0.691
0.762
0.796
0.814
0.805
0.800
0.800
0.778
0.702
0.542
0.442
0.412
0.404
0.387
0.350
0.327
0.312
0.312
0.310
0.309
0.312
0.330
0.373
0.446
0.543
0.599
0.627
0.632
0.610
0.590
0.584
0.561
0.516
0.432
0.376
0.365
0.370
0.367
0.349
0.328
0.311
0.311
0.311
0.307
0.309
0.317
0.326
0.355
0.381
0.408
0.441
0.458
0.449
0.446
0.438
0.428
0.397
0.368
0.353
0.348
0.352
0.351
0.331
0.314
0.309
0.310
0.310
0.309
0.311
0.334
0.393
0.534
0.691
0.762
0.796
0.814
0.805
0.800
0.800
0.778
0.702
0.542
0.442
0.412
0.404
0.387
0.350
0.327
0.309
0.310
0.310
0.309
0.311
0.334
0.393
0.534
0.691
0.762
0.796
0.814
0.805
0.800
0.800
0.778
0.702
0.542
0.442
0.412
0.404
0.387
0.350
0.327
0.309
0.310
0.310
0.309
0.311
0.334
0.393
0.534
0.691
0.762
0.796
0.814
0.805
0.800
0.800
0.778
0.702
0.542
0.442
0.412
0.404
0.387
0.350
0.327
0.309
0.310
0.310
0.309
0.311
0.334
0.393
0.534
0.691
0.762
0.796
0.814
0.805
0.800
0.800
0.778
0.702
0.542
0.442
0.412
0.404
0.387
0.350
0.327
0.309
0.310
0.310
0.309
0.311
0.334
0.393
0.534
0.691
0.762
0.796
0.814
0.805
0.800
0.800
0.778
0.702
0.542
0.442
0.412
0.404
0.387
0.350
0.327
0.312
0.312
0.310
0.309
0.312
0.330
0.373
0.446
0.543
0.599
0.627
0.632
0.610
0.590
0.584
0.561
0.516
0.432
0.376
0.365
0.370
0.367
0.349
0.328
0.311
0.311
0.311
0.307
0.309
0.317
0.326
0.355
0.381
0.408
0.441
0.458
0.449
0.446
0.438
0.428
0.397
0.368
0.353
0.348
0.352
0.351
0.331
0.314
0.309
0.310
0.310
0.309
0.311
0.334
0.393
0.534
0.691
0.762
0.796
0.814
0.805
0.800
0.800
0.778
0.702
0.542
0.442
0.412
0.404
0.387
0.350
0.327
0.309
0.310
0.310
0.309
0.311
0.334
0.393
0.534
0.691
0.762
0.796
0.814
0.805
0.800
0.800
0.778
0.702
0.542
0.442
0.412
0.404
0.387
0.350
0.327
0.309
0.310
0.310
0.309
0.311
0.334
0.393
0.534
0.691
0.762
0.796
0.814
0.805
0.800
0.800
0.778
0.702
0.542
0.442
0.412
0.404
0.387
0.350
0.327
0.309
0.310
0.310
0.309
0.311
0.334
0.393
0.534
0.691
0.762
0.796
0.814
0.805
0.800
0.800
0.778
0.702
0.542
0.442
0.412
0.404
0.387
0.350
0.327
0.309
0.310
0.310
0.309
0.311
0.334
0.393
0.534
0.691
0.762
0.796
0.814
0.805
0.800
0.800
0.778
0.702
0.542
0.442
0.412
0.404
0.387
0.350
0.327
0.310
0.311
0.309
0.307
0.310
0.328
0.370
0.444
0.540
0.596
0.624
0.629
0.606
0.587
0.581
0.558
0.513
0.429
0.374
0.362
0.368
0.365
0.347
0.326
0.309
0.309
0.310
0.306
0.307
0.315
0.324
0.353
0.379
0.406
0.439
0.456
0.446
0.444
0.436
0.425
0.394
0.366
0.351
0.346
0.350
0.349
0.329
0.312
0.307
0.308
0.308
0.308
0.310
0.332
0.391
0.531
0.687
0.758
0.791
0.810
0.800
0.795
0.795
0.774
0.698
0.539
0.439
0.410
0.402
0.385
0.348
0.326
0.307
0.308
0.308
0.308
0.310
0.332
0.391
0.531
0.687
0.758
0.791
0.810
0.800
0.795
0.795
0.774
0.698
0.539
0.439
0.410
0.402
0.385
0.348
0.326
0.307
0.308
0.308
0.308
0.310
0.332
0.391
0.531
0.687
0.758
0.791
0.810
0.800
0.795
0.795
0.774
0.698
0.539
0.439
0.410
0.402
0.385
0.348
0.326
0.307
0.308
0.308
0.308
0.310
0.332
0.391
0.531
0.687
0.758
0.791
0.810
0.800
0.795
0.795
0.774
0.698
0.539
0.439
0.410
0.402
0.385
0.348
0.326
0.307
0.308
0.308
0.308
0.310
0.332
0.391
0.531
0.687
0.758
0.791
0.810
0.800
0.795
0.795
0.774
0.698
0.539
0.439
0.410
0.402
0.385
0.348
0.326
0.310
0.311
0.309
0.307
0.310
0.328
0.370
0.444
0.540
0.596
0.624
0.629
0.606
0.587
0.581
0.558
0.513
0.429
0.374
0.362
0.368
0.365
0.347
0.326
0.309
0.309
0.310
0.306
0.307
0.315
0.324
0.353
0.379
0.406
0.439
0.456
0.446
0.444
0.436
0.425
0.394
0.366
0.351
0.346
0.350
0.349
0.329
0.312
0.534
0.903
1.014
1.002
0.928
0.977
1.372
1.571
2.225
2.530
2.461
2.497
2.250
1.996
1.803
1.562
1.220
0.942
1.181
1.375
1.080
0.657
0.514
0.477
0.534
0.903
1.014
1.002
0.928
0.977
1.372
1.571
2.225
2.530
2.461
2.497
2.250
1.996
1.803
1.562
1.220
0.942
1.181
1.375
1.080
0.657
0.514
0.477
0.534
0.903
1.014
1.002
0.928
0.977
1.372
1.571
2.225
2.530
2.461
2.497
2.250
1.996
1.803
1.562
1.220
0.942
1.181
1.375
1.080
0.657
0.514
0.477
0.534
0.903
1.014
1.002
0.928
0.977
1.372
1.571
2.225
2.530
2.461
2.497
2.250
1.996
1.803
1.562
1.220
0.942
1.181
1.375
1.080
0.657
0.514
0.477
0.534
0.903
1.014
1.002
0.928
0.977
1.372
1.571
2.225
2.530
2.461
2.497
2.250
1.996
1.803
1.562
1.220
0.942
1.181
1.375
1.080
0.657
0.514
0.477
0.624
1.008
1.157
0.984
0.903
0.912
1.209
1.123
1.010
1.093
0.974
1.044
0.974
0.790
0.667
0.643
0.596
0.643
1.006
1.049
0.724
0.516
0.461
0.476
0.577
0.943
1.030
1.030
0.976
0.999
1.179
0.840
0.609
0.739
0.544
0.602
0.583
0.616
0.643
0.472
0.459
0.443
0.728
0.838
0.654
0.465
0.458
0.482
0.534
0.903
1.014
1.002
0.928
0.977
1.372
1.571
2.225
2.530
2.461
2.497
2.250
1.996
1.803
1.562
1.220
0.942
1.181
1.375
1.080
0.657
0.514
0.477
0.534
0.903
1.014
1.002
0.928
0.977
1.372
1.571
2.225
2.530
2.461
2.497
2.250
1.996
1.803
1.562
1.220
0.942
1.181
1.375
1.080
0.657
0.514
0.477
0.534
0.903
1.014
1.002
0.928
0.977
1.372
1.571
2.225
2.530
2.461
2.497
2.250
1.996
1.803
1.562
1.220
0.942
1.181
1.375
1.080
0.657
0.514
0.477
0.534
0.903
1.014
1.002
0.928
0.977
1.372
1.571
2.225
2.530
2.461
2.497
2.250
1.996
1.803
1.562
1.220
0.942
1.181
1.375
1.080
0.657
0.514
0.477
0.534
0.903
1.014
1.002
0.928
0.977
1.372
1.571
2.225
2.530
2.461
2.497
2.250
1.996
1.803
1.562
1.220
0.942
1.181
1.375
1.080
0.657
0.514
0.477
0.624
1.008
1.157
0.984
0.903
0.912
1.209
1.123
1.010
1.093
0.974
1.044
0.974
0.790
0.667
0.643
0.596
0.643
1.006
1.049
0.724
0.516
0.461
0.476
0.577
0.943
1.030
1.030
0.976
0.999
1.179
0.840
0.609
0.739
0.544
0.602
0.583
0.616
0.643
0.472
0.459
0.443
0.728
0.838
0.654
0.465
0.458
0.482
0.534
0.903
1.014
1.002
0.928
0.977
1.372
1.571
2.225
2.530
2.461
2.497
2.250
1.996
1.803
1.562
1.220
0.942
1.181
1.375
1.080
0.657
0.514
0.477
0.534
0.903
1.014
1.002
0.928
0.977
1.372
1.571
2.225
2.530
2.461
2.497
2.250
1.996
1.803
1.562
1.220
0.942
1.181
1.375
1.080
0.657
0.514
0.477
0.534
0.903
1.014
1.002
0.928
0.977
1.372
1.571
2.225
2.530
2.461
2.497
2.250
1.996
1.803
1.562
1.220
0.942
1.181
1.375
1.080
0.657
0.514
0.477
0.534
0.903
1.014
1.002
0.928
0.977
1.372
1.571
2.225
2.530
2.461
2.497
2.250
1.996
1.803
1.562
1.220
0.942
1.181
1.375
1.080
0.657
0.514
0.477
0.534
0.903
1.014
1.002
0.928
0.977
1.372
1.571
2.225
2.530
2.461
2.497
2.250
1.996
1.803
1.562
1.220
0.942
1.181
1.375
1.080
0.657
0.514
0.477
0.624
1.008
1.157
0.984
0.903
0.912
1.209
1.123
1.010
1.093
0.974
1.044
0.974
0.790
0.667
0.643
0.596
0.643
1.006
1.049
0.724
0.516
0.461
0.476
0.577
0.943
1.030
1.030
0.976
0.999
1.179
0.840
0.609
0.739
0.544
0.602
0.583
0.616
0.643
0.472
0.459
0.443
0.728
0.838
0.654
0.465
0.458
0.482
0.534
0.903
1.014
1.002
0.928
0.977
1.372
1.571
2.225
2.530
2.461
2.497
2.250
1.996
1.803
1.562
1.220
0.942
1.181
1.375
1.080
0.657
0.514
0.477
0.500
0.847
0.950
0.939
0.870
0.916
1.286
1.472
2.086
2.371
2.306
2.340
2.109
1.871
1.690
1.464
1.144
0.883
1.107
1.289
1.012
0.616
0.481
0.447
0.500
0.847
0.950
0.939
0.870
0.916
1.286
1.472
2.086
2.371
2.306
2.340
2.109
1.871
1.690
1.464
1.144
0.883
1.107
1.289
1.012
0.616
0.481
0.447
0.500
0.847
0.950
0.939
0.870
0.916
1.286
1.472
2.086
2.371
2.306
2.340
2.109
1.871
1.690
1.464
1.144
0.883
1.107
1.289
1.012
0.616
0.481
0.447
0.500
0.847
0.950
0.939
0.870
0.916
1.286
1.472
2.086
2.371
2.306
2.340
2.109
1.871
1.690
1.464
1.144
0.883
1.107
1.289
1.012
0.616
0.481
0.447
0.585
0.945
1.085
0.923
0.846
0.855
1.133
1.053
0.946
1.024
0.913
0.979
0.913
0.740
0.625
0.603
0.559
0.603
0.943
0.983
0.679
0.484
0.432
0.446
0.541
0.884
0.966
0.966
0.915
0.936
1.105
0.788
0.571
0.693
0.510
0.565
0.546
0.577
0.602
0.442
0.431
0.416
0.682
0.785
0.613
0.436
0.430
0.452
0.500
0.847
0.950
0.939
0.870
0.916
1.286
1.472
2.086
2.371
2.306
2.340
2.109
1.871
1.690
1.464
1.144
0.883
1.107
1.289
1.012
0.616
0.481
0.447
0.500
0.847
0.950
0.939
0.870
0.916
1.286
1.472
2.086
2.371
2.306
2.340
2.109
1.871
1.690
1.464
1.144
0.883
1.107
1.289
1.012
0.616
0.481
0.447
0.500
0.847
0.950
0.939
0.870
0.916
1.286
1.472
2.086
2.371
2.306
2.340
2.109
1.871
1.690
1.464
1.144
0.883
1.107
1.289
1.012
0.616
0.481
0.447
0.500
0.847
0.950
0.939
0.870
0.916
1.286
1.472
2.086
2.371
2.306
2.340
2.109
1.871
1.690
1.464
1.144
0.883
1.107
1.289
1.012
0.616
0.481
0.447
0.500
0.847
0.950
0.939
0.870
0.916
1.286
1.472
2.086
2.371
2.306
2.340
2.109
1.871
1.690
1.464
1.144
0.883
1.107
1.289
1.012
0.616
0.481
0.447
0.585
0.945
1.085
0.923
0.846
0.855
1.133
1.053
0.946
1.024
0.913
0.979
0.913
0.740
0.625
0.603
0.559
0.603
0.943
0.983
0.679
0.484
0.432
0.446
0.541
0.884
0.966
0.966
0.915
0.936
1.105
0.788
0.571
0.693
0.510
0.565
0.546
0.577
0.602
0.442
0.431
0.416
0.682
0.785
0.613
0.436
0.430
0.452
0.500
0.847
0.950
0.939
0.870
0.916
1.286
1.472
2.086
2.371
2.306
2.340
2.109
1.871
1.690
1.464
1.144
0.883
1.107
1.289
1.012
0.616
0.481
0.447
0.500
0.847
0.950
0.939
0.870
0.916
1.286
1.472
2.086
2.371
2.306
2.340
2.109
1.871
1.690
1.464
1.144
0.883
1.107
1.289
1.012
0.616
0.481
0.447
0.500
0.847
0.950
0.939
0.870
0.916
1.286
1.472
2.086
2.371
2.306
2.340
2.109
1.871
1.690
1.464
1.144
0.883
1.107
1.289
1.012
0.616
0.481
0.447
0.500
0.847
0.950
0.939
0.870
0.916
1.286
1.472
2.086
2.371
2.306
2.340
2.109
1.871
1.690
1.464
1.144
0.883
1.107
1.289
1.012
0.616
0.481
0.447
0.500
0.847
0.950
0.939
0.870
0.916
1.286
1.472
2.086
2.371
2.306
2.340
2.109
1.871
1.690
1.464
1.144
0.883
1.107
1.289
1.012
0.616
0.481
0.447
0.585
0.945
1.085
0.923
0.846
0.855
1.133
1.053
0.946
1.024
0.913
0.979
0.913
0.740
0.625
0.603
0.559
0.603
0.943
0.983
0.679
0.484
0.432
0.446
0.541
0.884
0.966
0.966
0.915
0.936
1.105
0.788
0.571
0.693
0.510
0.565
0.546
0.577
0.602
0.442
0.431
0.416
0.682
0.785
0.613
0.436
0.430
0.452
0.500
0.847
0.950
0.939
0.870
0.916
1.286
1.472
2.086
2.371
2.306
2.340
2.109
1.871
1.690
1.464
1.144
0.883
1.107
1.289
1.012
0.616
0.481
0.447
0.500
0.847
0.950
0.939
0.870
0.916
1.286
1.472
2.086
2.371
2.306
2.340
2.109
1.871
1.690
1.464
1.144
0.883
1.107
1.289
1.012
0.616
0.481
0.447
0.500
0.847
0.950
0.939
0.870
0.916
1.286
1.472
2.086
2.371
2.306
2.340
2.109
1.871
1.690
1.464
1.144
0.883
1.107
1.289
1.012
0.616
0.481
0.447
0.500
0.847
0.950
0.939
0.870
0.916
1.286
1.472
2.086
2.371
2.306
2.340
2.109
1.871
1.690
1.464
1.144
0.883
1.107
1.289
1.012
0.616
0.481
0.447
0.500
0.847
0.950
0.939
0.870
0.916
1.286
1.472
2.086
2.371
2.306
2.340
2.109
1.871
1.690
1.464
1.144
0.883
1.107
1.289
1.012
0.616
0.481
0.447
0.585
0.945
1.085
0.923
0.846
0.855
1.133
1.053
0.946
1.024
0.913
0.979
0.913
0.740
0.625
0.603
0.559
0.603
0.943
0.983
0.679
0.484
0.432
0.446
0.541
0.884
0.966
0.966
0.915
0.936
1.105
0.788
0.571
0.693
0.510
0.565
0.546
0.577
0.602
0.442
0.431
0.416
0.682
0.785
0.613
0.436
0.430
0.452
0.500
0.847
0.950
0.939
0.870
0.916
1.286
1.472
2.086
2.371
2.306
2.340
2.109
1.871
1.690
1.464
1.144
0.883
1.107
1.289
1.012
0.616
0.481
0.447
0.500
0.847
0.950
0.939
0.870
0.916
1.286
1.472
2.086
2.371
2.306
2.340
2.109
1.871
1.690
1.464
1.144
0.883
1.107
1.289
1.012
0.616
0.481
0.447
0.500
0.847
0.950
0.939
0.870
0.916
1.286
1.472
2.086
2.371
2.306
2.340
2.109
1.871
1.690
1.464
1.144
0.883
1.107
1.289
1.012
0.616
0.481
0.447
0.457
0.774
0.868
0.858
0.795
0.837
1.175
1.345
1.906
2.167
2.108
2.139
1.927
1.710
1.544
1.338
1.045
0.807
1.011
1.178
0.925
0.563
0.440
0.409
0.457
0.774
0.868
0.858
0.795
0.837
1.175
1.345
1.906
2.167
2.108
2.139
1.927
1.710
1.544
1.338
1.045
0.807
1.011
1.178
0.925
0.563
0.440
0.409
0.534
0.864
0.991
0.843
0.773
0.781
1.035
0.962
0.865
0.936
0.834
0.894
0.834
0.677
0.571
0.551
0.511
0.551
0.862
0.898
0.620
0.442
0.395
0.408
0.495
0.808
0.882
0.883
0.836
0.856
1.010
0.720
0.521
0.633
0.466
0.516
0.499
0.527
0.551
0.404
0.393
0.380
0.623
0.718
0.560
0.398
0.393
0.413
0.457
0.774
0.868
0.858
0.795
0.837
1.175
1.345
1.906
2.167
2.108
2.139
1.927
1.710
1.544
1.338
1.045
0.807
1.011
1.178
0.925
0.563
0.440
0.409
0.457
0.774
0.868
0.858
0.795
0.837
1.175
1.345
1.906
2.167
2.108
2.139
1.927
1.710
1.544
1.338
1.045
0.807
1.011
1.178
0.925
0.563
0.440
0.409
0.457
0.774
0.868
0.858
0.795
0.837
1.175
1.345
1.906
2.167
2.108
2.139
1.927
1.710
1.544
1.338
1.045
0.807
1.011
1.178
0.925
0.563
0.440
0.409
0.457
0.774
0.868
0.858
0.795
0.837
1.175
1.345
1.906
2.167
2.108
2.139
1.927
1.710
1.544
1.338
1.045
0.807
1.011
1.178
0.925
0.563
0.440
0.409
0.457
0.774
0.868
0.858
0.795
0.837
1.175
1.345
1.906
2.167
2.108
2.139
1.927
1.710
1.544
1.338
1.045
0.807
1.011
1.178
0.925
0.563
0.440
0.409
0.534
0.864
0.991
0.843
0.773
0.781
1.035
0.962
0.865
0.936
0.834
0.894
0.834
0.677
0.571
0.551
0.511
0.551
0.862
0.898
0.620
0.442
0.395
0.408
0.495
0.808
0.882
0.883
0.836
0.856
1.010
0.720
0.521
0.633
0.466
0.516
0.499
0.527
0.551
0.404
0.393
0.380
0.623
0.718
0.560
0.398
0.393
0.413
0.457
0.774
0.868
0.858
0.795
0.837
1.175
1.345
1.906
2.167
2.108
2.139
1.927
1.710
1.544
1.338
1.045
0.807
1.011
1.178
0.925
0.563
0.440
0.409
0.457
0.774
0.868
0.858
0.795
0.837
1.175
1.345
1.906
2.167
2.108
2.139
1.927
1.710
1.544
1.338
1.045
0.807
1.011
1.178
0.925
0.563
0.440
0.409
0.457
0.774
0.868
0.858
0.795
0.837
1.175
1.345
1.906
2.167
2.108
2.139
1.927
1.710
1.544
1.338
1.045
0.807
1.011
1.178
0.925
0.563
0.440
0.409
0.457
0.774
0.868
0.858
0.795
0.837
1.175
1.345
1.906
2.167
2.108
2.139
1.927
1.710
1.544
1.338
1.045
0.807
1.011
1.178
0.925
0.563
0.440
0.409
0.457
0.774
0.868
0.858
0.795
0.837
1.175
1.345
1.906
2.167
2.108
2.139
1.927
1.710
1.544
1.338
1.045
0.807
1.011
1.178
0.925
0.563
0.440
0.409
0.534
0.864
0.991
0.843
0.773
0.781
1.035
0.962
0.865
0.936
0.834
0.894
0.834
0.677
0.571
0.551
0.511
0.551
0.862
0.898
0.620
0.442
0.395
0.408
0.495
0.808
0.882
0.883
0.836
0.856
1.010
0.720
0.521
0.633
0.466
0.516
0.499
0.527
0.551
0.404
0.393
0.380
0.623
0.718
0.560
0.398
0.393
0.413
0.457
0.774
0.868
0.858
0.795
0.837
1.175
1.345
1.906
2.167
2.108
2.139
1.927
1.710
1.544
1.338
1.045
0.807
1.011
1.178
0.925
0.563
0.440
0.409
0.457
0.774
0.868
0.858
0.795
0.837
1.175
1.345
1.906
2.167
2.108
2.139
1.927
1.710
1.544
1.338
1.045
0.807
1.011
1.178
0.925
0.563
0.440
0.409
0.457
0.774
0.868
0.858
0.795
0.837
1.175
1.345
1.906
2.167
2.108
2.139
1.927
1.710
1.544
1.338
1.045
0.807
1.011
1.178
0.925
0.563
0.440
0.409
0.457
0.774
0.868
0.858
0.795
0.837
1.175
1.345
1.906
2.167
2.108
2.139
1.927
1.710
1.544
1.338
1.045
0.807
1.011
1.178
0.925
0.563
0.440
0.409
0.457
0.774
0.868
0.858
0.795
0.837
1.175
1.345
1.906
2.167
2.108
2.139
1.927
1.710
1.544
1.338
1.045
0.807
1.011
1.178
0.925
0.563
0.440
0.409
0.534
0.864
0.991
0.843
0.773
0.781
1.035
0.962
0.865
0.936
0.834
0.894
0.834
0.677
0.571
0.551
0.511
0.551
0.862
0.898
0.620
0.442
0.395
0.408
0.495
0.808
0.882
0.883
0.836
0.856
1.010
0.720
0.521
0.633
0.466
0.516
0.499
0.527
0.551
0.404
0.393
0.380
0.623
0.718
0.560
0.398
0.393
0.393
0.409
0.457
0.774
0.868
0.858
0.795
0.837
1.175
1.345
1.906
2.167
2.108
2.139
1.927
1.710
1.544
1.338
1.045
0.807
1.011
1.178
0.925
0.563
0.440
0.409
0.457
0.774
0.868
0.858
0.795
0.837
1.175
1.345
1.906
2.167
2.108
2.139
1.927
1.710
1.544
1.338
1.045
0.807
1.011
1.178
0.925
0.563
0.440
0.409
0.457
0.774
0.868
0.858
0.795
0.837
1.175
1.345
1.906
2.167
2.108
2.139
1.927
1.710
1.544
1.338
1.045
0.807
1.011
1.178
0.925
0.563
0.440
0.409
0.457
0.774
0.868
0.858
0.795
0.837
1.175
1.345
1.906
2.167
2.108
2.139
1.927
1.710
1.544
1.338
1.045
0.807
1.011
1.178
0.925
0.563
0.440
0.409
0.457
0.774
0.868
0.858
0.795
0.837
1.175
1.345
1.906
2.167
2.108
2.139
1.927
1.710
1.544
1.338
1.045
0.807
1.011
1.178
0.925
0.563
0.440
1.643
2.796
2.768
2.717
2.413
2.241
2.247
2.404
2.006
2.335
2.484
2.584
2.593
2.370
2.149
1.981
1.995
2.127
2.183
2.183
1.968
1.549
1.271
1.336
1.533
2.552
2.539
2.608
2.385
2.205
2.171
2.322
1.715
1.719
1.710
1.756
1.674
1.700
1.633
1.599
1.627
1.765
1.789
1.779
1.682
1.421
1.140
1.272
1.540
2.576
2.600
2.698
2.435
2.243
2.281
2.613
2.721
3.804
4.192
4.305
4.162
4.007
3.617
3.338
3.192
3.136
2.830
2.815
2.654
2.154
1.451
1.341
1.540
2.576
2.600
2.698
2.435
2.243
2.281
2.613
2.721
3.804
4.192
4.305
4.162
4.007
3.617
3.338
3.192
3.136
2.830
2.815
2.654
2.154
1.451
1.341
1.540
2.576
2.600
2.698
2.435
2.243
2.281
2.613
2.721
3.804
4.192
4.305
4.162
4.007
3.617
3.338
3.192
3.136
2.830
2.815
2.654
2.154
1.451
1.341
1.540
2.576
2.600
2.698
2.435
2.243
2.281
2.613
2.721
3.804
4.192
4.305
4.162
4.007
3.617
3.338
3.192
3.136
2.830
2.815
2.654
2.154
1.451
1.341
1.540
2.576
2.600
2.698
2.435
2.243
2.281
2.613
2.721
3.804
4.192
4.305
4.162
4.007
3.617
3.338
3.192
3.136
2.830
2.815
2.654
2.154
1.451
1.341
1.515
2.578
2.552
2.505
2.225
2.066
2.072
2.217
1.849
2.153
2.291
2.382
2.391
2.185
1.981
1.827
1.839
1.961
2.013
2.012
1.815
1.428
1.172
1.232
1.533
2.552
2.539
2.608
2.385
2.205
2.171
2.322
1.715
1.719
1.710
1.756
1.674
1.700
1.633
1.599
1.627
1.765
1.789
1.779
1.682
1.421
1.140
1.272
1.540
2.576
2.600
2.698
2.435
2.243
2.281
2.613
2.721
3.804
4.192
4.305
4.162
4.007
3.617
3.338
3.192
3.136
2.830
2.815
2.654
2.154
1.451
1.341
1.540
2.576
2.600
2.698
2.435
2.243
2.281
2.613
2.721
3.804
4.192
4.305
4.162
4.007
3.617
3.338
3.192
3.136
2.830
2.815
2.654
2.154
1.451
1.341
1.540
2.576
2.600
2.698
2.435
2.243
2.281
2.613
2.721
3.804
4.192
4.305
4.162
4.007
3.617
3.338
3.192
3.136
2.830
2.815
2.654
2.154
1.451
1.341
1.540
2.576
2.600
2.698
2.435
2.243
2.281
2.613
2.721
3.804
4.192
4.305
4.162
4.007
3.617
3.338
3.192
3.136
2.830
2.815
2.654
2.154
1.451
1.341
1.540
2.576
2.600
2.698
2.435
2.243
2.281
2.613
2.721
3.804
4.192
4.305
4.162
4.007
3.617
3.338
3.192
3.136
2.830
2.815
2.654
2.154
1.451
1.341
1.515
2.578
2.552
2.505
2.225
2.066
2.072
2.217
1.849
2.153
2.291
2.382
2.391
2.185
1.981
1.827
1.839
1.961
2.013
2.012
1.815
1.428
1.172
1.232
1.533
2.552
2.539
2.608
2.385
2.205
2.171
2.322
1.715
1.719
1.710
1.756
1.674
1.700
1.633
1.599
1.627
1.765
1.789
1.779
1.682
1.421
1.140
1.272
1.540
2.576
2.600
2.698
2.435
2.243
2.281
2.613
2.721
3.804
4.192
4.305
4.162
4.007
3.617
3.338
3.192
3.136
2.830
2.815
2.654
2.154
1.451
1.341
1.540
2.576
2.600
2.698
2.435
2.243
2.281
2.613
2.721
3.804
4.192
4.305
4.162
4.007
3.617
3.338
3.192
3.136
2.830
2.815
2.654
2.154
1.451
1.341
1.540
2.576
2.600
2.698
2.435
2.243
2.281
2.613
2.721
3.804
4.192
4.305
4.162
4.007
3.617
3.338
3.192
3.136
2.830
2.815
2.654
2.154
1.451
1.341
1.540
2.576
2.600
2.698
2.435
2.243
2.281
2.613
2.721
3.804
4.192
4.305
4.162
4.007
3.617
3.338
3.192
3.136
2.830
2.815
2.654
2.154
1.451
1.341
1.540
2.576
2.600
2.698
2.435
2.243
2.281
2.613
2.721
3.804
4.192
4.305
4.162
4.007
3.617
3.338
3.192
3.136
2.830
2.815
2.654
2.154
1.451
1.341
1.515
2.578
2.552
2.505
2.225
2.066
2.072
2.217
1.849
2.153
2.291
2.382
2.391
2.185
1.981
1.827
1.839
1.961
2.013
2.012
1.815
1.428
1.172
1.232
1.533
2.552
2.539
2.608
2.385
2.205
2.171
2.322
1.715
1.719
1.710
1.756
1.674
1.700
1.633
1.599
1.627
1.765
1.789
1.779
1.682
1.421
1.140
1.272
1.540
2.576
2.600
2.698
2.435
2.243
2.281
2.613
2.721
3.804
4.192
4.305
4.162
4.007
3.617
3.338
3.192
3.136
2.830
2.815
2.654
2.154
1.451
1.341
1.540
2.576
2.600
2.698
2.435
2.243
2.281
2.613
2.721
3.804
4.192
4.305
4.162
4.007
3.617
3.338
3.192
3.136
2.830
2.815
2.654
2.154
1.451
1.341
1.540
2.576
2.600
2.698
2.435
2.243
2.281
2.613
2.721
3.804
4.192
4.305
4.162
4.007
3.617
3.338
3.192
3.136
2.830
2.815
2.654
2.154
1.451
1.341
1.540
2.576
2.600
2.698
2.435
2.243
2.281
2.613
2.721
3.804
4.192
4.305
4.162
4.007
3.617
3.338
3.192
3.136
2.830
2.815
2.654
2.154
1.451
1.341
1.540
2.576
2.600
2.698
2.435
2.243
2.281
2.613
2.721
3.804
4.192
4.305
4.162
4.007
3.617
3.338
3.192
3.136
2.830
2.815
2.654
2.154
1.451
1.341
1.515
2.578
2.552
2.505
2.225
2.066
2.072
2.217
1.849
2.153
2.291
2.382
2.391
2.185
1.981
1.827
1.839
1.961
2.013
2.012
1.815
1.428
1.172
1.232
1.533
2.552
2.539
2.608
2.385
2.205
2.171
2.322
1.715
1.719
1.710
1.756
1.674
1.700
1.633
1.599
1.627
1.765
1.789
1.779
1.682
1.421
1.140
1.272
1.540
2.576
2.600
2.698
2.435
2.243
2.281
2.613
2.721
3.804
4.192
4.305
4.162
4.007
3.617
3.338
3.192
3.136
2.830
2.815
2.654
2.154
1.451
1.341
1.454
2.433
2.455
2.547
2.300
2.118
2.154
2.467
2.569
3.592
3.958
4.065
3.930
3.783
3.416
3.152
3.014
2.961
2.672
2.658
2.506
2.034
1.370
1.267
1.454
2.433
2.455
2.547
2.300
2.118
2.154
2.467
2.569
3.592
3.958
4.065
3.930
3.783
3.416
3.152
3.014
2.961
2.672
2.658
2.506
2.034
1.370
1.267
1.454
2.433
2.455
2.547
2.300
2.118
2.154
2.467
2.569
3.592
3.958
4.065
3.930
3.783
3.416
3.152
3.014
2.961
2.672
2.658
2.506
2.034
1.370
1.267
1.454
2.433
2.455
2.547
2.300
2.118
2.154
2.467
2.569
3.592
3.958
4.065
3.930
3.783
3.416
3.152
3.014
2.961
2.672
2.658
2.506
2.034
1.370
1.267
1.430
2.434
2.410
2.365
2.101
1.951
1.956
2.093
1.746
2.033
2.163
2.250
2.258
2.064
1.871
1.725
1.737
1.852
1.900
1.900
1.714
1.349
1.107
1.163
1.447
2.409
2.398
2.463
2.252
2.082
2.050
2.193
1.619
1.623
1.615
1.658
1.580
1.606
1.542
1.510
1.536
1.667
1.689
1.680
1.588
1.341
1.077
1.201
1.454
2.433
2.455
2.547
2.300
2.118
2.154
2.467
2.569
3.592
3.958
4.065
3.930
3.783
3.416
3.152
3.014
2.961
2.672
2.658
2.506
2.034
1.370
1.267
1.454
2.433
2.455
2.547
2.300
2.118
2.154
2.467
2.569
3.592
3.958
4.065
3.930
3.783
3.416
3.152
3.014
2.961
2.672
2.658
2.506
2.034
1.370
1.267
1.454
2.433
2.455
2.547
2.300
2.118
2.154
2.467
2.569
3.592
3.958
4.065
3.930
3.783
3.416
3.152
3.014
2.961
2.672
2.658
2.506
2.034
1.370
1.267
1.454
2.433
2.455
2.547
2.300
2.118
2.154
2.467
2.569
3.592
3.958
4.065
3.930
3.783
3.416
3.152
3.014
2.961
2.672
2.658
2.506
2.034
1.370
1.267
1.454
2.433
2.455
2.547
2.300
2.118
2.154
2.467
2.569
3.592
3.958
4.065
3.930
3.783
3.416
3.152
3.014
2.961
2.672
2.658
2.506
2.034
1.370
1.267
1.430
2.434
2.410
2.365
2.101
1.951
1.956
2.093
1.746
2.033
2.163
2.250
2.258
2.064
1.871
1.725
1.737
1.852
1.900
1.900
1.714
1.349
1.107
1.163
1.447
2.409
2.398
2.463
2.252
2.082
2.050
2.193
1.619
1.623
1.615
1.658
1.580
1.606
1.542
1.510
1.536
1.667
1.689
1.680
1.588
1.341
1.077
1.201
1.454
2.433
2.455
2.547
2.300
2.118
2.154
2.467
2.569
3.592
3.958
4.065
3.930
3.783
3.416
3.152
3.014
2.961
2.672
2.658
2.506
2.034
1.370
1.267
1.454
2.433
2.455
2.547
2.300
2.118
2.154
2.467
2.569
3.592
3.958
4.065
3.930
3.783
3.416
3.152
3.014
2.961
2.672
2.658
2.506
2.034
1.370
1.267
1.454
2.433
2.455
2.547
2.300
2.118
2.154
2.467
2.569
3.592
3.958
4.065
3.930
3.783
3.416
3.152
3.014
2.961
2.672
2.658
2.506
2.034
1.370
1.267
1.454
2.433
2.455
2.547
2.300
2.118
2.154
2.467
2.569
3.592
3.958
4.065
3.930
3.783
3.416
3.152
3.014
2.961
2.672
2.658
2.506
2.034
1.370
1.267
1.454
2.433
2.455
2.547
2.300
2.118
2.154
2.467
2.569
3.592
3.958
4.065
3.930
3.783
3.416
3.152
3.014
2.961
2.672
2.658
2.506
2.034
1.370
1.267
1.430
2.434
2.410
2.365
2.101
1.951
1.956
2.093
1.746
2.033
2.163
2.250
2.258
2.064
1.871
1.725
1.737
1.852
1.900
1.900
1.714
1.349
1.107
1.163
1.447
2.409
2.398
2.463
2.252
2.082
2.050
2.193
1.619
1.623
1.615
1.658
1.580
1.606
1.542
1.510
1.536
1.667
1.689
1.680
1.588
1.341
1.077
1.201
1.454
2.433
2.455
2.547
2.300
2.118
2.154
2.467
2.569
3.592
3.958
4.065
3.930
3.783
3.416
3.152
3.014
2.961
2.672
2.658
2.506
2.034
1.370
1.267
1.454
2.433
2.455
2.547
2.300
2.118
2.154
2.467
2.569
3.592
3.958
4.065
3.930
3.783
3.416
3.152
3.014
2.961
2.672
2.658
2.506
2.034
1.370
1.267
1.454
2.433
2.455
2.547
2.300
2.118
2.154
2.467
2.569
3.592
3.958
4.065
3.930
3.783
3.416
3.152
3.014
2.961
2.672
2.658
2.506
2.034
1.370
1.267
1.454
2.433
2.455
2.547
2.300
2.118
2.154
2.467
2.569
3.592
3.958
4.065
3.930
3.783
3.416
3.152
3.014
2.961
2.672
2.658
2.506
2.034
1.370
1.267
1.454
2.433
2.455
2.547
2.300
2.118
2.154
2.467
2.569
3.592
3.958
4.065
3.930
3.783
3.416
3.152
3.014
2.961
2.672
2.658
2.506
2.034
1.370
1.267
1.430
2.434
2.410
2.365
2.101
1.951
1.956
2.093
1.746
2.033
2.163
2.250
2.258
2.064
1.871
1.725
1.737
1.852
1.900
1.900
1.714
1.349
1.107
1.163
1.447
2.409
2.398
2.463
2.252
2.082
2.050
2.193
1.619
1.623
1.615
1.658
1.580
1.606
1.542
1.510
1.536
1.667
1.689
1.680
1.588
1.341
1.077
1.201
1.454
2.433
2.455
2.547
2.300
2.118
2.154
2.467
2.569
3.592
3.958
4.065
3.930
3.783
3.416
3.152
3.014
2.961
2.672
2.658
2.506
2.034
1.370
1.267
1.454
2.433
2.455
2.547
2.300
2.118
2.154
2.467
2.569
3.592
3.958
4.065
3.930
3.783
3.416
3.152
3.014
2.961
2.672
2.658
2.506
2.034
1.370
1.267
1.454
2.433
2.455
2.547
2.300
2.118
2.154
2.467
2.569
3.592
3.958
4.065
3.930
3.783
3.416
3.152
3.014
2.961
2.672
2.658
2.506
2.034
1.370
1.267
1.454
2.433
2.455
2.547
2.300
2.118
2.154
2.467
2.569
3.592
3.958
4.065
3.930
3.783
3.416
3.152
3.014
2.961
2.672
2.658
2.506
2.034
1.370
1.267
