0.509
0.852
0.860
0.892
0.805
0.742
0.754
0.864
0.900
1.258
1.386
1.424
1.376
1.325
1.196
1.104
1.055
1.037
0.936
0.931
0.877
0.712
0.480
0.444
0.509
0.852
0.860
0.892
0.805
0.742
0.754
0.864
0.900
1.258
1.386
1.424
1.376
1.325
1.196
1.104
1.055
1.037
0.936
0.931
0.877
0.712
0.480
0.444
0.501
0.852
0.844
0.828
0.736
0.683
0.685
0.733
0.611
0.712
0.757
0.788
0.790
0.723
0.655
0.604
0.608
0.649
0.665
0.665
0.600
0.472
0.388
0.407
0.507
0.844
0.840
0.862
0.789
0.729
0.718
0.768
0.567
0.568
0.565
0.581
0.553
0.562
0.540
0.529
0.538
0.584
0.592
0.588
0.556
0.470
0.377
0.420
0.509
0.852
0.860
0.892
0.805
0.742
0.754
0.864
0.900
1.258
1.386
1.424
1.376
1.325
1.196
1.104
1.055
1.037
0.936
0.931
0.877
0.712
0.480
0.444
0.509
0.852
0.860
0.892
0.805
0.742
0.754
0.864
0.900
1.258
1.386
1.424
1.376
1.325
1.196
1.104
1.055
1.037
0.936
0.931
0.877
0.712
0.480
0.444
0.509
0.852
0.860
0.892
0.805
0.742
0.754
0.864
0.900
1.258
1.386
1.424
1.376
1.325
1.196
1.104
1.055
1.037
0.936
0.931
0.877
0.712
0.480
0.444
0.509
0.852
0.860
0.892
0.805
0.742
0.754
0.864
0.900
1.258
1.386
1.424
1.376
1.325
1.196
1.104
1.055
1.037
0.936
0.931
0.877
0.712
0.480
0.444
0.509
0.852
0.860
0.892
0.805
0.742
0.754
0.864
0.900
1.258
1.386
1.424
1.376
1.325
1.196
1.104
1.055
1.037
0.936
0.931
0.877
0.712
0.480
0.444
0.501
0.852
0.844
0.828
0.736
0.683
0.685
0.733
0.611
0.712
0.757
0.788
0.790
0.723
0.655
0.604
0.608
0.649
0.665
0.665
0.600
0.472
0.388
0.407
0.507
0.844
0.840
0.862
0.789
0.729
0.718
0.768
0.567
0.568
0.565
0.581
0.553
0.562
0.540
0.529
0.538
0.584
0.592
0.588
0.556
0.470
0.377
0.420
0.509
0.852
0.860
0.892
0.805
0.742
0.754
0.864
0.900
1.258
1.386
1.424
1.376
1.325
1.196
1.104
1.055
1.037
0.936
0.931
0.877
0.712
0.480
0.444
0.509
0.852
0.860
0.892
0.805
0.742
0.754
0.864
0.900
1.258
1.386
1.424
1.376
1.325
1.196
1.104
1.055
1.037
0.936
0.931
0.877
0.712
0.480
0.444
0.509
0.852
0.860
0.892
0.805
0.742
0.754
0.864
0.900
1.258
1.386
1.424
1.376
1.325
1.196
1.104
1.055
1.037
0.936
0.931
0.877
0.712
0.480
0.444
0.509
0.852
0.860
0.892
0.805
0.742
0.754
0.864
0.900
1.258
1.386
1.424
1.376
1.325
1.196
1.104
1.055
1.037
0.936
0.931
0.877
0.712
0.480
0.444
0.509
0.852
0.860
0.892
0.805
0.742
0.754
0.864
0.900
1.258
1.386
1.424
1.376
1.325
1.196
1.104
1.055
1.037
0.936
0.931
0.877
0.712
0.480
0.444
0.501
0.852
0.844
0.828
0.736
0.683
0.685
0.733
0.611
0.712
0.757
0.788
0.790
0.723
0.655
0.604
0.608
0.649
0.665
0.665
0.600
0.472
0.388
0.407
0.507
0.844
0.840
0.862
0.789
0.729
0.718
0.768
0.567
0.568
0.565
0.581
0.553
0.562
0.540
0.529
0.538
0.584
0.592
0.588
0.556
0.470
0.377
0.420
0.509
0.852
0.860
0.892
0.805
0.742
0.754
0.864
0.900
1.258
1.386
1.424
1.376
1.325
1.196
1.104
1.055
1.037
0.936
0.931
0.877
0.712
0.480
0.444
0.509
0.852
0.860
0.892
0.805
0.742
0.754
0.864
0.900
1.258
1.386
1.424
1.376
1.325
1.196
1.104
1.055
1.037
0.936
0.931
0.877
0.712
0.480
0.444
0.509
0.852
0.860
0.892
0.805
0.742
0.754
0.864
0.900
1.258
1.386
1.424
1.376
1.325
1.196
1.104
1.055
1.037
0.936
0.931
0.877
0.712
0.480
0.444
0.509
0.852
0.860
0.892
0.805
0.742
0.754
0.864
0.900
1.258
1.386
1.424
1.376
1.325
1.196
1.104
1.055
1.037
0.936
0.931
0.877
0.712
0.480
0.444
0.509
0.852
0.860
0.892
0.805
0.742
0.754
0.864
0.900
1.258
1.386
1.424
1.376
1.325
1.196
1.104
1.055
1.037
0.936
0.931
0.877
0.712
0.480
0.444
0.501
0.852
0.844
0.828
0.736
0.683
0.685
0.733
0.611
0.712
0.757
0.788
0.790
0.723
0.655
0.604
0.608
0.649
0.665
0.665
0.600
0.472
0.388
0.407
0.507
0.844
0.840
0.862
0.789
0.729
0.718
0.768
0.567
0.568
0.565
0.581
0.553
0.562
0.540
0.529
0.538
0.584
0.592
0.588
0.556
0.470
0.377
0.420
0.509
0.852
0.860
0.892
0.805
0.742
0.754
0.864
0.900
1.258
1.386
1.424
1.376
1.325
1.196
1.104
1.055
1.037
0.936
0.931
0.877
0.712
0.480
0.444
0.509
0.852
0.860
0.892
0.805
0.742
0.754
0.864
0.900
1.258
1.386
1.424
1.376
1.325
1.196
1.104
1.055
1.037
0.936
0.931
0.877
0.712
0.480
0.444
0.509
0.852
0.860
0.892
0.805
0.742
0.754
0.864
0.900
1.258
1.386
1.424
1.376
1.325
1.196
1.104
1.055
1.037
0.936
0.931
0.877
0.712
0.480
0.444
0.509
0.852
0.860
0.892
0.805
0.742
0.754
0.864
0.900
1.258
1.386
1.424
1.376
1.325
1.196
1.104
1.055
1.037
0.936
0.931
0.877
0.712
0.480
0.444
0.509
0.852
0.860
0.892
0.805
0.742
0.754
0.864
0.900
1.258
1.386
1.424
1.376
1.325
1.196
1.104
1.055
1.037
0.936
0.931
0.877
0.712
0.480
0.444
0.501
0.852
0.844
0.828
0.736
0.683
0.685
0.733
0.611
0.712
0.757
0.788
0.790
0.723
0.655
0.604
0.608
0.649
0.665
0.665
0.600
0.472
0.388
0.407
0.507
0.844
0.840
0.862
0.789
0.729
0.718
0.768
0.567
0.568
0.565
0.581
0.553
0.562
0.540
0.529
0.538
0.584
0.592
0.588
0.556
0.470
0.377
0.420
0.509
0.852
0.860
0.892
0.805
0.742
0.754
0.864
0.900
1.258
1.386
1.424
1.376
1.325
1.196
1.104
1.055
1.037
0.936
0.931
0.877
0.712
0.480
0.444
0.509
0.852
0.860
0.892
0.805
0.742
0.754
0.864
0.900
1.258
1.386
1.424
1.376
1.325
1.196
1.104
1.055
1.037
0.936
0.931
0.877
0.712
0.480
0.444
0.509
0.852
0.860
0.892
0.805
0.742
0.754
0.864
0.900
1.258
1.386
1.424
1.376
1.325
1.196
1.104
1.055
1.037
0.936
0.931
0.877
0.712
0.480
0.444
0.509
0.852
0.860
0.892
0.805
0.742
0.754
0.864
0.900
1.258
1.386
1.424
1.376
1.325
1.196
1.104
1.055
1.037
0.936
0.931
0.877
0.712
0.480
0.444
0.509
0.852
0.860
0.892
0.805
0.742
0.754
0.864
0.900
1.258
1.386
1.424
1.376
1.325
1.196
1.104
1.055
1.037
0.936
0.931
0.877
0.712
0.480
0.444
0.501
0.852
0.844
0.828
0.736
0.683
0.685
0.733
0.611
0.712
0.757
0.788
0.790
0.723
0.655
0.604
0.608
0.649
0.665
0.665
0.600
0.472
0.388
0.407
0.507
0.844
0.840
0.862
0.789
0.729
0.718
0.768
0.567
0.568
0.565
0.581
0.553
0.562
0.540
0.529
0.538
0.584
0.592
0.588
0.556
0.470
0.377
0.420
0.509
0.852
0.860
0.892
0.805
0.742
0.754
0.864
0.900
1.258
1.386
1.424
1.376
1.325
1.196
1.104
1.055
1.037
0.936
0.931
0.877
0.712
0.480
0.444
0.509
0.852
0.860
0.892
0.805
0.742
0.754
0.864
0.900
1.258
1.386
1.424
1.376
1.325
1.196
1.104
1.055
1.037
0.936
0.931
0.877
0.712
0.480
0.444
0.509
0.852
0.860
0.892
0.805
0.742
0.754
0.864
0.900
1.258
1.386
1.424
1.376
1.325
1.196
1.104
1.055
1.037
0.936
0.931
0.877
0.712
0.480
0.444
0.509
0.852
0.860
0.892
0.805
0.742
0.754
0.864
0.900
1.258
1.386
1.424
1.376
1.325
1.196
1.104
1.055
1.037
0.936
0.931
0.877
0.712
0.480
0.444
0.509
0.852
0.860
0.892
0.805
0.742
0.754
0.864
0.900
1.258
1.386
1.424
1.376
1.325
1.196
1.104
1.055
1.037
0.936
0.931
0.877
0.712
0.480
0.444
0.501
0.852
0.844
0.828
0.736
0.683
0.685
0.733
0.611
0.712
0.757
0.788
0.790
0.723
0.655
0.604
0.608
0.649
0.665
0.665
0.600
0.472
0.388
0.407
0.507
0.844
0.840
0.862
0.789
0.729
0.718
0.768
0.567
0.568
0.565
0.581
0.553
0.562
0.540
0.529
0.538
0.584
0.592
0.588
0.556
0.470
0.377
0.420
0.509
0.852
0.860
0.892
0.805
0.742
0.754
0.864
0.900
1.258
1.386
1.424
1.376
1.325
1.196
1.104
1.055
1.037
0.936
0.931
0.877
0.712
0.480
0.444
0.509
0.852
0.860
0.892
0.805
0.742
0.754
0.864
0.900
1.258
1.386
1.424
1.376
1.325
1.196
1.104
1.055
1.037
0.936
0.931
0.877
0.712
0.480
0.444
0.509
0.852
0.860
0.892
0.805
0.742
0.754
0.864
0.900
1.258
1.386
1.424
1.376
1.325
1.196
1.104
1.055
1.037
0.936
0.931
0.877
0.712
0.480
0.444
0.509
0.852
0.860
0.892
0.805
0.742
0.754
0.864
0.900
1.258
1.386
1.424
1.376
1.325
1.196
1.104
1.055
1.037
0.936
0.931
0.877
0.712
0.480
0.444
0.509
0.852
0.860
0.892
0.805
0.742
0.754
0.864
0.900
1.258
1.386
1.424
1.376
1.325
1.196
1.104
1.055
1.037
0.936
0.931
0.877
0.712
0.480
0.444
0.501
0.852
0.844
0.828
0.736
0.683
0.685
0.733
0.611
0.712
0.757
0.788
0.790
0.723
0.655
0.604
0.608
0.649
0.665
0.665
0.600
0.472
0.388
0.407
0.507
0.844
0.840
0.862
0.789
0.729
0.718
0.768
0.567
0.568
0.565
0.581
0.553
0.562
0.540
0.529
0.538
0.584
0.592
0.588
0.556
0.470
0.377
0.420
0.509
0.852
0.860
0.892
0.805
0.742
0.754
0.864
0.900
1.258
1.386
1.424
1.376
1.325
1.196
1.104
1.055
1.037
0.936
0.931
0.877
0.712
0.480
0.444
0.509
0.852
0.860
0.892
0.805
0.742
0.754
0.864
0.900
1.258
1.386
1.424
1.376
1.325
1.196
1.104
1.055
1.037
0.936
0.931
0.877
0.712
0.480
0.444
0.509
0.852
0.860
0.892
0.805
0.742
0.754
0.864
0.900
1.258
1.386
1.424
1.376
1.325
1.196
1.104
1.055
1.037
0.936
0.931
0.877
0.712
0.480
0.444
0.509
0.852
0.860
0.892
0.805
0.742
0.754
0.864
0.900
1.258
1.386
1.424
1.376
1.325
1.196
1.104
1.055
1.037
0.936
0.931
0.877
0.712
0.480
0.444
0.509
0.852
0.860
0.892
0.805
0.742
0.754
0.864
0.900
1.258
1.386
1.424
1.376
1.325
1.196
1.104
1.055
1.037
0.936
0.931
0.877
0.712
0.480
0.444
0.501
0.852
0.844
0.828
0.736
0.683
0.685
0.733
0.611
0.712
0.757
0.788
0.790
0.723
0.655
0.604
0.608
0.649
0.665
0.665
0.600
0.472
0.388
0.407
0.507
0.844
0.840
0.862
0.789
0.729
0.718
0.768
0.567
0.568
0.565
0.581
0.553
0.562
0.540
0.529
0.538
0.584
0.592
0.588
0.556
0.470
0.377
0.420
0.509
0.852
0.860
0.892
0.805
0.742
0.754
0.864
0.900
1.258
1.386
1.424
1.376
1.325
1.196
1.104
1.055
1.037
0.936
0.931
0.877
0.712
0.480
0.444
0.509
0.852
0.860
0.892
0.805
0.742
0.754
0.864
0.900
1.258
1.386
1.424
1.376
1.325
1.196
1.104
1.055
1.037
0.936
0.931
0.877
0.712
0.480
0.444
0.509
0.852
0.860
0.892
0.805
0.742
0.754
0.864
0.900
1.258
1.386
1.424
1.376
1.325
1.196
1.104
1.055
1.037
0.936
0.931
0.877
0.712
0.480
0.444
0.509
0.852
0.860
0.892
0.805
0.742
0.754
0.864
0.900
1.258
1.386
1.424
1.376
1.325
1.196
1.104
1.055
1.037
0.936
0.931
0.877
0.712
0.480
0.444
0.509
0.852
0.860
0.892
0.805
0.742
0.754
0.864
0.900
1.258
1.386
1.424
1.376
1.325
1.196
1.104
1.055
1.037
0.936
0.931
0.877
0.712
0.480
0.444
0.501
0.852
0.844
0.828
0.736
0.683
0.685
0.733
0.611
0.712
0.757
0.788
0.790
0.723
0.655
0.604
0.608
0.649
0.665
0.665
0.600
0.472
0.388
0.407
0.507
0.844
0.840
0.862
0.789
0.729
0.718
0.768
0.567
0.568
0.565
0.581
0.553
0.562
0.540
0.529
0.538
0.584
0.592
0.588
0.556
0.470
0.377
0.420
0.509
0.852
0.860
0.892
0.805
0.742
0.754
0.864
0.900
1.258
1.386
1.424
1.376
1.325
1.196
1.104
1.055
1.037
0.936
0.931
0.877
0.712
0.480
0.444
0.509
0.852
0.860
0.892
0.805
0.742
0.754
0.864
0.900
1.258
1.386
1.424
1.376
1.325
1.196
1.104
1.055
1.037
0.936
0.931
0.877
0.712
0.480
0.444
0.509
0.852
0.860
0.892
0.805
0.742
0.754
0.864
0.900
1.258
1.386
1.424
1.376
1.325
1.196
1.104
1.055
1.037
0.936
0.931
0.877
0.712
0.480
0.444
0.509
0.852
0.860
0.892
0.805
0.742
0.754
0.864
0.900
1.258
1.386
1.424
1.376
1.325
1.196
1.104
1.055
1.037
0.936
0.931
0.877
0.712
0.480
0.444
0.509
0.852
0.860
0.892
0.805
0.742
0.754
0.864
0.900
1.258
1.386
1.424
1.376
1.325
1.196
1.104
1.055
1.037
0.936
0.931
0.877
0.712
0.480
0.444
0.501
0.852
0.844
0.828
0.736
0.683
0.685
0.733
0.611
0.712
0.757
0.788
0.790
0.723
0.655
0.604
0.608
0.649
0.665
0.665
0.600
0.472
0.388
0.407
0.507
0.844
0.840
0.862
0.789
0.729
0.718
0.768
0.567
0.568
0.565
0.581
0.553
0.562
0.540
0.529
0.538
0.584
0.592
0.588
0.556
0.470
0.377
0.420
0.509
0.852
0.860
0.892
0.805
0.742
0.754
0.864
0.900
1.258
1.386
1.424
1.376
1.325
1.196
1.104
1.055
1.037
0.936
0.931
0.877
0.712
0.480
0.444
0.509
0.852
0.860
0.892
0.805
0.742
0.754
0.864
0.900
1.258
1.386
1.424
1.376
1.325
1.196
1.104
1.055
1.037
0.936
0.931
0.877
0.712
0.480
0.444
0.509
0.852
0.860
0.892
0.805
0.742
0.754
0.864
0.900
1.258
1.386
1.424
1.376
1.325
1.196
1.104
1.055
1.037
0.936
0.931
0.877
0.712
0.480
0.444
0.509
0.852
0.860
0.892
0.805
0.742
0.754
0.864
0.900
1.258
1.386
1.424
1.376
1.325
1.196
1.104
1.055
1.037
0.936
0.931
0.877
0.712
0.480
0.444
0.509
0.852
0.860
0.892
0.805
0.742
0.754
0.864
0.900
1.258
1.386
1.424
1.376
1.325
1.196
1.104
1.055
1.037
0.936
0.931
0.877
0.712
0.480
0.444
0.501
0.852
0.844
0.828
0.736
0.683
0.685
0.733
0.611
0.712
0.757
0.788
0.790
0.723
0.655
0.604
0.608
0.649
0.665
0.665
0.600
0.472
0.388
0.407
0.507
0.844
0.840
0.862
0.789
0.729
0.718
0.768
0.567
0.568
0.565
0.581
0.553
0.562
0.540
0.529
0.538
0.584
0.592
0.588
0.556
0.470
0.377
0.420
0.509
0.852
0.860
0.892
0.805
0.742
0.754
0.864
0.900
1.258
1.386
1.424
1.376
1.325
1.196
1.104
1.055
1.037
0.936
0.931
0.877
0.712
0.480
0.444
0.509
0.852
0.860
0.892
0.805
0.742
0.754
0.864
0.900
1.258
1.386
1.424
1.376
1.325
1.196
1.104
1.055
1.037
0.936
0.931
0.877
0.712
0.480
0.444
0.509
0.852
0.860
0.892
0.805
0.742
0.754
0.864
0.900
1.258
1.386
1.424
1.376
1.325
1.196
1.104
1.055
1.037
0.936
0.931
0.877
0.712
0.480
0.444
0.509
0.852
0.860
0.892
0.805
0.742
0.754
0.864
0.900
1.258
1.386
1.424
1.376
1.325
1.196
1.104
1.055
1.037
0.936
0.931
0.877
0.712
0.480
0.444
0.509
0.852
0.860
0.892
0.805
0.742
0.754
0.864
0.900
1.258
1.386
1.424
1.376
1.325
1.196
1.104
1.055
1.037
0.936
0.931
0.877
0.712
0.480
0.444
0.501
0.852
0.844
0.828
0.736
0.683
0.685
0.733
0.611
0.712
0.757
0.788
0.790
0.723
0.655
0.604
0.608
0.649
0.665
0.665
0.600
0.472
0.388
0.407
0.081
0.284
0.546
0.564
0.585
0.565
0.437
0.560
0.468
0.291
0.263
0.198
0.182
0.178
0.247
0.226
0.200
0.172
0.150
0.157
0.205
0.218
0.197
0.081
0.317
0.537
0.562
0.563
0.520
0.480
0.514
0.557
0.708
0.784
0.771
0.767
0.704
0.653
0.584
0.525
0.441
0.342
0.319
0.340
0.353
0.286
0.237
0.255
0.317
0.537
0.562
0.563
0.520
0.480
0.514
0.557
0.708
0.784
0.771
0.767
0.704
0.653
0.584
0.525
0.441
0.342
0.319
0.340
0.353
0.286
0.237
0.255
0.317
0.537
0.562
0.563
0.520
0.480
0.514
0.557
0.708
0.784
0.771
0.767
0.704
0.653
0.584
0.525
0.441
0.342
0.319
0.340
0.353
0.286
0.237
0.255
0.317
0.537
0.562
0.563
0.520
0.480
0.514
0.557
0.708
0.784
0.771
0.767
0.704
0.653
0.584
0.525
0.441
0.342
0.319
0.340
0.353
0.286
0.237
0.255
0.317
0.537
0.562
0.563
0.520
0.480
0.514
0.557
0.708
0.784
0.771
0.767
0.704
0.653
0.584
0.525
0.441
0.342
0.319
0.340
0.353
0.286
0.237
0.255
0.352
0.585
0.584
0.592
0.511
0.454
0.477
0.459
0.455
0.369
0.299
0.336
0.316
0.271
0.218
0.220
0.196
0.171
0.116
0.136
0.190
0.176
0.155
0.170
0.284
0.546
0.564
0.585
0.565
0.437
0.560
0.468
0.291
0.263
0.198
0.182
0.178
0.247
0.226
0.200
0.172
0.150
0.157
0.205
0.218
0.197
0.180
0.081
0.317
0.537
0.562
0.563
0.520
0.480
0.514
0.557
0.708
0.784
0.771
0.767
0.704
0.653
0.584
0.525
0.441
0.342
0.319
0.340
0.353
0.286
0.237
0.255
0.317
0.537
0.562
0.563
0.520
0.480
0.514
0.557
0.708
0.784
0.771
0.767
0.704
0.653
0.584
0.525
0.441
0.342
0.319
0.340
0.353
0.286
0.237
0.255
0.317
0.537
0.562
0.563
0.520
0.480
0.514
0.557
0.708
0.784
0.771
0.767
0.704
0.653
0.584
0.525
0.441
0.342
0.319
0.340
0.353
0.286
0.237
0.255
0.317
0.537
0.562
0.563
0.520
0.480
0.514
0.557
0.708
0.784
0.771
0.767
0.704
0.653
0.584
0.525
0.441
0.342
0.319
0.340
0.353
0.286
0.237
0.255
0.317
0.537
0.562
0.563
0.520
0.480
0.514
0.557
0.708
0.784
0.771
0.767
0.704
0.653
0.584
0.525
0.441
0.342
0.319
0.340
0.353
0.286
0.237
0.255
0.352
0.585
0.584
0.592
0.511
0.454
0.477
0.459
0.455
0.369
0.299
0.336
0.316
0.271
0.218
0.220
0.196
0.171
0.116
0.136
0.190
0.176
0.155
0.170
0.284
0.546
0.564
0.585
0.565
0.437
0.560
0.468
0.291
0.263
0.198
0.182
0.178
0.247
0.226
0.200
0.172
0.150
0.157
0.205
0.218
0.197
0.180
0.081
0.317
0.537
0.562
0.563
0.520
0.480
0.514
0.557
0.708
0.784
0.771
0.767
0.704
0.653
0.584
0.525
0.441
0.342
0.319
0.340
0.353
0.286
0.237
0.255
0.317
0.537
0.562
0.563
0.520
0.480
0.514
0.557
0.708
0.784
0.771
0.767
0.704
0.653
0.584
0.525
0.441
0.342
0.319
0.340
0.353
0.286
0.237
0.255
0.317
0.537
0.562
0.563
0.520
0.480
0.514
0.557
0.708
0.784
0.771
0.767
0.704
0.653
0.584
0.525
0.441
0.342
0.319
0.340
0.353
0.286
0.237
0.255
0.317
0.537
0.562
0.563
0.520
0.480
0.514
0.557
0.708
0.784
0.771
0.767
0.704
0.653
0.584
0.525
0.441
0.342
0.319
0.340
0.353
0.286
0.237
0.255
0.317
0.537
0.562
0.563
0.520
0.480
0.514
0.557
0.708
0.784
0.771
0.767
0.704
0.653
0.584
0.525
0.441
0.342
0.319
0.340
0.353
0.286
0.237
0.255
0.150
0.197
0.170
0.175
0.184
0.100
0.160
0.193
0.224
0.223
0.193
0.219
0.213
0.204
0.179
0.195
0.165
0.148
0.131
0.104
0.096
0.095
0.093
0.111
0.135
0.150
0.197
0.182
0.131
0.108
0.145
0.128
0.146
0.162
0.146
0.186
0.224
0.152
0.178
0.162
0.139
0.110
0.105
0.090
0.091
0.091
0.086
0.102
0.121
0.167
0.171
0.172
0.116
0.087
0.190
0.255
0.415
0.485
0.491
0.514
0.482
0.439
0.409
0.389
0.334
0.243
0.183
0.140
0.105
0.128
0.091
0.093
0.121
0.167
0.171
0.172
0.116
0.087
0.190
0.255
0.415
0.485
0.491
0.514
0.482
0.439
0.409
0.389
0.334
0.243
0.183
0.140
0.105
0.128
0.091
0.093
0.121
0.167
0.171
0.172
0.116
0.087
0.190
0.255
0.415
0.485
0.491
0.514
0.482
0.439
0.409
0.389
0.334
0.243
0.183
0.140
0.105
0.128
0.091
0.093
0.121
0.167
0.171
0.172
0.116
0.087
0.190
0.255
0.415
0.485
0.491
0.514
0.482
0.439
0.409
0.389
0.334
0.243
0.183
0.140
0.105
0.128
0.091
0.093
0.121
0.167
0.171
0.172
0.116
0.087
0.190
0.255
0.415
0.485
0.491
0.514
0.482
0.439
0.409
0.389
0.334
0.243
0.183
0.140
0.105
0.128
0.091
0.093
0.150
0.197
0.170
0.175
0.184
0.100
0.160
0.193
0.224
0.223
0.193
0.219
0.213
0.204
0.179
0.195
0.165
0.148
0.131
0.104
0.096
0.095
0.093
0.111
0.135
0.150
0.197
0.182
0.131
0.108
0.145
0.128
0.146
0.162
0.146
0.186
0.224
0.152
0.178
0.162
0.139
0.110
0.105
0.090
0.091
0.091
0.086
0.102
0.121
0.167
0.171
0.172
0.116
0.087
0.190
0.255
0.415
0.485
0.491
0.514
0.482
0.439
0.409
0.389
0.334
0.243
0.183
0.140
0.105
0.128
0.091
0.093
0.121
0.167
0.171
0.172
0.116
0.087
0.190
0.255
0.415
0.485
0.491
0.514
0.482
0.439
0.409
0.389
0.334
0.243
0.183
0.140
0.105
0.128
0.091
0.093
0.121
0.167
0.171
0.172
0.116
0.087
0.190
0.255
0.415
0.485
0.491
0.514
0.482
0.439
0.409
0.389
0.334
0.243
0.183
0.140
0.105
0.128
0.091
0.093
0.121
0.167
0.171
0.172
0.116
0.087
0.190
0.255
0.415
0.485
0.491
0.514
0.482
0.439
0.409
0.389
0.334
0.243
0.183
0.140
0.105
0.128
0.091
0.093
0.121
0.167
0.171
0.172
0.116
0.087
0.190
0.255
0.415
0.485
0.491
0.514
0.482
0.439
0.409
0.389
0.334
0.243
0.183
0.140
0.105
0.128
0.091
0.093
0.150
0.197
0.170
0.175
0.184
0.100
0.160
0.193
0.224
0.223
0.193
0.219
0.213
0.204
0.179
0.195
0.165
0.148
0.131
0.104
0.096
0.095
0.093
0.111
0.135
0.150
0.197
0.182
0.131
0.108
0.145
0.128
0.146
0.162
0.146
0.186
0.224
0.152
0.178
0.162
0.139
0.110
0.105
0.090
0.091
0.091
0.086
0.102
0.121
0.167
0.171
0.172
0.116
0.087
0.190
0.255
0.415
0.485
0.491
0.514
0.482
0.439
0.409
0.389
0.334
0.243
0.183
0.140
0.105
0.128
0.091
0.093
0.121
0.167
0.171
0.172
0.116
0.087
0.190
0.255
0.415
0.485
0.491
0.514
0.482
0.439
0.409
0.389
0.334
0.243
0.183
0.140
0.105
0.128
0.091
0.093
0.121
0.167
0.171
0.172
0.116
0.087
0.190
0.255
0.415
0.485
0.491
0.514
0.482
0.439
0.409
0.389
0.334
0.243
0.183
0.140
0.105
0.128
0.091
0.093
0.121
0.167
0.171
0.172
0.116
0.087
0.190
0.255
0.415
0.485
0.491
0.514
0.482
0.439
0.409
0.389
0.334
0.243
0.183
0.140
0.105
0.128
0.091
0.093
0.121
0.167
0.171
0.172
0.116
0.087
0.190
0.255
0.415
0.485
0.491
0.514
0.482
0.439
0.409
0.389
0.334
0.243
0.183
0.140
0.105
0.128
0.091
0.093
0.150
0.197
0.170
0.175
0.184
0.100
0.160
0.193
0.224
0.223
0.193
0.219
0.213
0.204
0.179
0.195
0.165
0.148
0.131
0.104
0.096
0.095
0.093
0.111
0.135
0.150
0.197
0.182
0.131
0.108
0.145
0.128
0.146
0.162
0.146
0.186
0.224
0.152
0.178
0.162
0.139
0.110
0.105
0.090
0.091
0.091
0.086
0.102
0.121
0.167
0.171
0.172
0.116
0.087
0.190
0.255
0.415
0.485
0.491
0.514
0.482
0.439
0.409
0.389
0.334
0.243
0.183
0.140
0.105
0.128
0.091
0.093
0.121
0.167
0.171
0.172
0.116
0.087
0.190
0.255
0.415
0.485
0.491
0.514
0.482
0.439
0.409
0.389
0.334
0.243
0.183
0.140
0.105
0.128
0.091
0.093
0.121
0.167
0.171
0.172
0.116
0.087
0.190
0.255
0.415
0.485
0.491
0.514
0.482
0.439
0.409
0.389
0.334
0.243
0.183
0.140
0.105
0.128
0.091
0.093
0.121
0.167
0.171
0.172
0.116
0.087
0.190
0.255
0.415
0.485
0.491
0.514
0.482
0.439
0.409
0.389
0.334
0.243
0.183
0.140
0.105
0.128
0.091
0.093
0.121
0.167
0.171
0.172
0.116
0.087
0.190
0.255
0.415
0.485
0.491
0.514
0.482
0.439
0.409
0.389
0.334
0.243
0.183
0.140
0.105
0.128
0.091
0.093
0.150
0.197
0.170
0.175
0.184
0.100
0.160
0.193
0.224
0.223
0.193
0.219
0.213
0.204
0.179
0.195
0.165
0.148
0.131
0.104
0.096
0.095
0.093
0.111
0.135
0.150
0.197
0.182
0.131
0.108
0.145
0.128
0.146
0.162
0.146
0.186
0.224
0.152
0.178
0.162
0.139
0.110
0.105
0.090
0.091
0.091
0.086
0.102
0.121
0.167
0.171
0.172
0.116
0.087
0.190
0.255
0.415
0.485
0.491
0.514
0.482
0.439
0.409
0.389
0.334
0.243
0.183
0.140
0.105
0.128
0.091
0.093
0.121
0.167
0.171
0.172
0.116
0.087
0.190
0.255
0.415
0.485
0.491
0.514
0.482
0.439
0.409
0.389
0.334
0.243
0.183
0.140
0.105
0.128
0.091
0.093
0.121
0.167
0.171
0.172
0.116
0.087
0.190
0.255
0.415
0.485
0.491
0.514
0.482
0.439
0.409
0.389
0.334
0.243
0.183
0.140
0.105
0.128
0.091
0.093
0.121
0.167
0.171
0.172
0.116
0.087
0.190
0.255
0.415
0.485
0.491
0.514
0.482
0.439
0.409
0.389
0.334
0.243
0.183
0.140
0.105
0.128
0.091
0.093
0.121
0.167
0.171
0.172
0.116
0.087
0.190
0.255
0.415
0.485
0.491
0.514
0.482
0.439
0.409
0.389
0.334
0.243
0.183
0.140
0.105
0.128
0.091
0.093
0.150
0.197
0.170
0.175
0.184
0.100
0.160
0.193
0.224
0.223
0.193
0.219
0.213
0.204
0.179
0.195
0.165
0.148
0.131
0.104
0.096
0.095
0.093
0.111
0.135
0.150
0.197
0.182
0.131
0.108
0.145
0.128
0.146
0.162
0.146
0.186
0.224
0.152
0.178
0.162
0.139
0.110
0.105
0.090
0.091
0.091
0.086
0.102
0.121
0.167
0.171
0.172
0.116
0.087
0.190
0.255
0.415
0.485
0.491
0.514
0.482
0.439
0.409
0.389
0.334
0.243
0.183
0.140
0.105
0.128
0.091
0.093
0.121
0.167
0.171
0.172
0.116
0.087
0.190
0.255
0.415
0.485
0.491
0.514
0.482
0.439
0.409
0.389
0.334
0.243
0.183
0.140
0.105
0.128
0.091
0.093
0.121
0.167
0.171
0.172
0.116
0.087
0.190
0.255
0.415
0.485
0.491
0.514
0.482
0.439
0.409
0.389
0.334
0.243
0.183
0.140
0.105
0.128
0.091
0.093
0.121
0.167
0.171
0.172
0.116
0.087
0.190
0.255
0.415
0.485
0.491
0.514
0.482
0.439
0.409
0.389
0.334
0.243
0.183
0.140
0.105
0.128
0.091
0.093
0.121
0.167
0.171
0.172
0.116
0.087
0.190
0.255
0.415
0.485
0.491
0.514
0.482
0.439
0.409
0.389
0.334
0.243
0.183
0.140
0.105
0.128
0.091
0.093
0.150
0.197
0.170
0.175
0.184
0.100
0.160
0.193
0.224
0.223
0.193
0.219
0.213
0.204
0.179
0.195
0.165
0.148
0.131
0.104
0.096
0.095
0.093
0.111
0.135
0.150
0.197
0.182
0.131
0.108
0.145
0.128
0.146
0.162
0.146
0.186
0.224
0.152
0.178
0.162
0.139
0.110
0.105
0.090
0.091
0.091
0.086
0.102
0.121
0.167
0.171
0.172
0.116
0.087
0.190
0.255
0.415
0.485
0.491
0.514
0.482
0.439
0.409
0.389
0.334
0.243
0.183
0.140
0.105
0.128
0.091
0.093
0.121
0.167
0.171
0.172
0.116
0.087
0.190
0.255
0.415
0.485
0.491
0.514
0.482
0.439
0.409
0.389
0.334
0.243
0.183
0.140
0.105
0.128
0.091
0.093
0.121
0.167
0.171
0.172
0.116
0.087
0.190
0.255
0.415
0.485
0.491
0.514
0.482
0.439
0.409
0.389
0.334
0.243
0.183
0.140
0.105
0.128
0.091
0.093
0.121
0.167
0.171
0.172
0.116
0.087
0.190
0.255
0.415
0.485
0.491
0.514
0.482
0.439
0.409
0.389
0.334
0.243
0.183
0.140
0.105
0.128
0.091
0.093
0.121
0.167
0.171
0.172
0.116
0.087
0.190
0.255
0.415
0.485
0.491
0.514
0.482
0.439
0.409
0.389
0.334
0.243
0.183
0.140
0.105
0.128
0.091
0.093
0.150
0.197
0.170
0.175
0.184
0.100
0.160
0.193
0.224
0.223
0.193
0.219
0.213
0.204
0.179
0.195
0.165
0.148
0.131
0.104
0.096
0.095
0.093
0.111
0.135
0.150
0.197
0.182
0.131
0.108
0.145
0.128
0.146
0.162
0.146
0.186
0.224
0.152
0.178
0.162
0.139
0.110
0.105
0.090
0.091
0.091
0.086
0.102
0.121
0.167
0.171
0.172
0.116
0.087
0.190
0.255
0.415
0.485
0.491
0.514
0.482
0.439
0.409
0.389
0.334
0.243
0.183
0.140
0.105
0.128
0.091
0.093
0.121
0.167
0.171
0.172
0.116
0.087
0.190
0.255
0.415
0.485
0.491
0.514
0.482
0.439
0.409
0.389
0.334
0.243
0.183
0.140
0.105
0.128
0.091
0.093
0.121
0.167
0.171
0.172
0.116
0.087
0.190
0.255
0.415
0.485
0.491
0.514
0.482
0.439
0.409
0.389
0.334
0.243
0.183
0.140
0.105
0.128
0.091
0.093
0.121
0.167
0.171
0.172
0.116
0.087
0.190
0.255
0.415
0.485
0.491
0.514
0.482
0.439
0.409
0.389
0.334
0.243
0.183
0.140
0.105
0.128
0.091
0.093
0.121
0.167
0.171
0.172
0.116
0.087
0.190
0.255
0.415
0.485
0.491
0.514
0.482
0.439
0.409
0.389
0.334
0.243
0.183
0.140
0.105
0.128
0.091
0.093
0.150
0.197
0.170
0.175
0.184
0.100
0.160
0.193
0.224
0.223
0.193
0.219
0.213
0.204
0.179
0.195
0.165
0.148
0.131
0.104
0.096
0.095
0.093
0.111
0.135
0.150
0.197
0.182
0.131
0.108
0.145
0.128
0.146
0.162
0.146
0.186
0.224
0.152
0.178
0.162
0.139
0.110
0.105
0.090
0.091
0.091
0.086
0.102
0.121
0.167
0.171
0.172
0.116
0.087
0.190
0.255
0.415
0.485
0.491
0.514
0.482
0.439
0.409
0.389
0.334
0.243
0.183
0.140
0.105
0.128
0.091
0.093
0.121
0.167
0.171
0.172
0.116
0.087
0.190
0.255
0.415
0.485
0.491
0.514
0.482
0.439
0.409
0.389
0.334
0.243
0.183
0.140
0.105
0.128
0.091
0.093
0.121
0.167
0.171
0.172
0.116
0.087
0.190
0.255
0.415
0.485
0.491
0.514
0.482
0.439
0.409
0.389
0.334
0.243
0.183
0.140
0.105
0.128
0.091
0.093
0.121
0.167
0.171
0.172
0.116
0.087
0.190
0.255
0.415
0.485
0.491
0.514
0.482
0.439
0.409
0.389
0.334
0.243
0.183
0.140
0.105
0.128
0.091
0.093
0.121
0.167
0.171
0.172
0.116
0.087
0.190
0.255
0.415
0.485
0.491
0.514
0.482
0.439
0.409
0.389
0.334
0.243
0.183
0.140
0.105
0.128
0.091
0.093
0.150
0.197
0.170
0.175
0.184
0.100
0.160
0.193
0.224
0.223
0.193
0.219
0.213
0.204
0.179
0.195
0.165
0.148
0.131
0.104
0.096
0.095
0.093
0.111
0.135
0.150
0.197
0.182
0.131
0.108
0.145
0.128
0.146
0.162
0.146
0.186
0.224
0.152
0.178
0.162
0.139
0.110
0.105
0.090
0.091
0.091
0.086
0.102
0.121
0.167
0.171
0.172
0.116
0.087
0.190
0.255
0.415
0.485
0.491
0.514
0.482
0.439
0.409
0.389
0.334
0.243
0.183
0.140
0.105
0.128
0.091
0.093
0.121
0.167
0.171
0.172
0.116
0.087
0.190
0.255
0.415
0.485
0.491
0.514
0.482
0.439
0.409
0.389
0.334
0.243
0.183
0.140
0.105
0.128
0.091
0.093
0.121
0.167
0.171
0.172
0.116
0.087
0.190
0.255
0.415
0.485
0.491
0.514
0.482
0.439
0.409
0.389
0.334
0.243
0.183
0.140
0.105
0.128
0.091
0.093
0.121
0.167
0.171
0.172
0.116
0.087
0.190
0.255
0.415
0.485
0.491
0.514
0.482
0.439
0.409
0.389
0.334
0.243
0.183
0.140
0.105
0.128
0.091
0.093
0.121
0.167
0.171
0.172
0.116
0.087
0.190
0.255
0.415
0.485
0.491
0.514
0.482
0.439
0.409
0.389
0.334
0.243
0.183
0.140
0.105
0.128
0.091
0.093
0.081
0.081
0.081
0.080
0.081
0.086
0.097
0.116
0.141
0.156
0.163
0.164
0.158
0.153
0.152
0.146
0.134
0.112
0.098
0.095
0.096
0.095
0.091
0.085
0.081
0.081
0.081
0.080
0.080
0.082
0.085
0.092
0.099
0.106
0.115
0.119
0.117
0.116
0.114
0.111
0.103
0.096
0.092
0.090
0.091
0.091
0.086
0.081
0.080
0.081
0.081
0.080
0.081
0.087
0.102
0.139
0.179
0.198
0.207
0.211
0.209
0.208
0.208
0.202
0.182
0.141
0.115
0.107
0.105
0.100
0.091
0.085
0.080
0.081
0.081
0.080
0.081
0.087
0.102
0.139
0.179
0.198
0.207
0.211
0.209
0.208
0.208
0.202
0.182
0.141
0.115
0.107
0.105
0.100
0.091
0.085
0.080
0.081
0.081
0.080
0.081
0.087
0.102
0.139
0.179
0.198
0.207
0.211
0.209
0.208
0.208
0.202
0.182
0.141
0.115
0.107
0.105
0.100
0.091
0.085
0.080
0.081
0.081
0.080
0.081
0.087
0.102
0.139
0.179
0.198
0.207
0.211
0.209
0.208
0.208
0.202
0.182
0.141
0.115
0.107
0.105
0.100
0.091
0.085
0.080
0.081
0.081
0.080
0.081
0.087
0.102
0.139
0.179
0.198
0.207
0.211
0.209
0.208
0.208
0.202
0.182
0.141
0.115
0.107
0.105
0.100
0.091
0.085
0.081
0.081
0.081
0.080
0.081
0.086
0.097
0.116
0.141
0.156
0.163
0.164
0.158
0.153
0.152
0.146
0.134
0.112
0.098
0.095
0.096
0.095
0.091
0.085
0.081
0.081
0.081
0.080
0.080
0.082
0.085
0.092
0.099
0.106
0.115
0.119
0.117
0.116
0.114
0.111
0.103
0.096
0.092
0.090
0.091
0.091
0.086
0.081
0.080
0.081
0.081
0.080
0.081
0.087
0.102
0.139
0.179
0.198
0.207
0.211
0.209
0.208
0.208
0.202
0.182
0.141
0.115
0.107
0.105
0.100
0.091
0.085
0.080
0.081
0.081
0.080
0.081
0.087
0.102
0.139
0.179
0.198
0.207
0.211
0.209
0.208
0.208
0.202
0.182
0.141
0.115
0.107
0.105
0.100
0.091
0.085
0.080
0.081
0.081
0.080
0.081
0.087
0.102
0.139
0.179
0.198
0.207
0.211
0.209
0.208
0.208
0.202
0.182
0.141
0.115
0.107
0.105
0.100
0.091
0.085
0.080
0.081
0.081
0.080
0.081
0.087
0.102
0.139
0.179
0.198
0.207
0.211
0.209
0.208
0.208
0.202
0.182
0.141
0.115
0.107
0.105
0.100
0.091
0.085
0.080
0.081
0.081
0.080
0.081
0.087
0.102
0.139
0.179
0.198
0.207
0.211
0.209
0.208
0.208
0.202
0.182
0.141
0.115
0.107
0.105
0.100
0.091
0.085
0.081
0.081
0.081
0.080
0.081
0.086
0.097
0.116
0.141
0.156
0.163
0.164
0.158
0.153
0.152
0.146
0.134
0.112
0.098
0.095
0.096
0.095
0.091
0.085
0.081
0.081
0.081
0.080
0.080
0.082
0.085
0.092
0.099
0.106
0.115
0.119
0.117
0.116
0.114
0.111
0.103
0.096
0.092
0.090
0.091
0.091
0.086
0.081
0.080
0.081
0.081
0.080
0.081
0.087
0.102
0.139
0.179
0.198
0.207
0.211
0.209
0.208
0.208
0.202
0.182
0.141
0.115
0.107
0.105
0.100
0.091
0.085
0.080
0.081
0.081
0.080
0.081
0.087
0.102
0.139
0.179
0.198
0.207
0.211
0.209
0.208
0.208
0.202
0.182
0.141
0.115
0.107
0.105
0.100
0.091
0.085
0.080
0.081
0.081
0.080
0.081
0.087
0.102
0.139
0.179
0.198
0.207
0.211
0.209
0.208
0.208
0.202
0.182
0.141
0.115
0.107
0.105
0.100
0.091
0.085
0.080
0.081
0.081
0.080
0.081
0.087
0.102
0.139
0.179
0.198
0.207
0.211
0.209
0.208
0.208
0.202
0.182
0.141
0.115
0.107
0.105
0.100
0.091
0.085
0.080
0.081
0.081
0.080
0.081
0.087
0.102
0.139
0.179
0.198
0.207
0.211
0.209
0.208
0.208
0.202
0.182
0.141
0.115
0.107
0.105
0.100
0.091
0.085
0.081
0.081
0.081
0.080
0.081
0.086
0.097
0.116
0.141
0.156
0.163
0.164
0.158
0.153
0.152
0.146
0.134
0.112
0.098
0.095
0.096
0.095
0.091
0.085
0.081
0.081
0.081
0.080
0.080
0.082
0.085
0.092
0.099
0.106
0.115
0.119
0.117
0.116
0.114
0.111
0.103
0.096
0.092
0.090
0.091
0.091
0.086
0.081
0.080
0.081
0.081
0.080
0.081
0.087
0.102
0.139
0.179
0.198
0.207
0.211
0.209
0.208
0.208
0.202
0.182
0.141
0.115
0.107
0.105
0.100
0.091
0.085
0.080
0.081
0.081
0.080
0.081
0.087
0.102
0.139
0.179
0.198
0.207
0.211
0.209
0.208
0.208
0.202
0.182
0.141
0.115
0.107
0.105
0.100
0.091
0.085
0.080
0.081
0.081
0.080
0.081
0.087
0.102
0.139
0.179
0.198
0.207
0.211
0.209
0.208
0.208
0.202
0.182
0.141
0.115
0.107
0.105
0.100
0.091
0.085
0.080
0.081
0.081
0.080
0.081
0.087
0.102
0.139
0.179
0.198
0.207
0.211
0.209
0.208
0.208
0.202
0.182
0.141
0.115
0.107
0.105
0.100
0.091
0.085
0.080
0.081
0.081
0.080
0.081
0.087
0.102
0.139
0.179
0.198
0.207
0.211
0.209
0.208
0.208
0.202
0.182
0.141
0.115
0.107
0.105
0.100
0.091
0.085
0.081
0.081
0.081
0.080
0.081
0.086
0.097
0.116
0.141
0.156
0.163
0.164
0.158
0.153
0.152
0.146
0.134
0.112
0.098
0.095
0.096
0.095
0.091
0.085
0.081
0.081
0.081
0.080
0.080
0.082
0.085
0.092
0.099
0.106
0.115
0.119
0.117
0.116
0.114
0.111
0.103
0.096
0.092
0.090
0.091
0.091
0.086
0.081
0.080
0.081
0.081
0.080
0.081
0.087
0.102
0.139
0.179
0.198
0.207
0.211
0.209
0.208
0.208
0.202
0.182
0.141
0.115
0.107
0.105
0.100
0.091
0.085
0.080
0.081
0.081
0.080
0.081
0.087
0.102
0.139
0.179
0.198
0.207
0.211
0.209
0.208
0.208
0.202
0.182
0.141
0.115
0.107
0.105
0.100
0.091
0.085
0.080
0.081
0.081
0.080
0.081
0.087
0.102
0.139
0.179
0.198
0.207
0.211
0.209
0.208
0.208
0.202
0.182
0.141
0.115
0.107
0.105
0.100
0.091
0.085
0.080
0.081
0.081
0.080
0.081
0.087
0.102
0.139
0.179
0.198
0.207
0.211
0.209
0.208
0.208
0.202
0.182
0.141
0.115
0.107
0.105
0.100
0.091
0.085
0.080
0.081
0.081
0.080
0.081
0.087
0.102
0.139
0.179
0.198
0.207
0.211
0.209
0.208
0.208
0.202
0.182
0.141
0.115
0.107
0.105
0.100
0.091
0.085
0.081
0.081
0.081
0.080
0.081
0.086
0.097
0.116
0.141
0.156
0.163
0.164
0.158
0.153
0.152
0.146
0.134
0.112
0.098
0.095
0.096
0.095
0.091
0.085
0.081
0.081
0.081
0.080
0.080
0.082
0.085
0.092
0.099
0.106
0.115
0.119
0.117
0.116
0.114
0.111
0.103
0.096
0.092
0.090
0.091
0.091
0.086
0.081
0.080
0.081
0.081
0.080
0.081
0.087
0.102
0.139
0.179
0.198
0.207
0.211
0.209
0.208
0.208
0.202
0.182
0.141
0.115
0.107
0.105
0.100
0.091
0.085
0.080
0.081
0.081
0.080
0.081
0.087
0.102
0.139
0.179
0.198
0.207
0.211
0.209
0.208
0.208
0.202
0.182
0.141
0.115
0.107
0.105
0.100
0.091
0.085
0.080
0.081
0.081
0.080
0.081
0.087
0.102
0.139
0.179
0.198
0.207
0.211
0.209
0.208
0.208
0.202
0.182
0.141
0.115
0.107
0.105
0.100
0.091
0.085
0.080
0.081
0.081
0.080
0.081
0.087
0.102
0.139
0.179
0.198
0.207
0.211
0.209
0.208
0.208
0.202
0.182
0.141
0.115
0.107
0.105
0.100
0.091
0.085
0.080
0.081
0.081
0.080
0.081
0.087
0.102
0.139
0.179
0.198
0.207
0.211
0.209
0.208
0.208
0.202
0.182
0.141
0.115
0.107
0.105
0.100
0.091
0.085
0.081
0.081
0.081
0.080
0.081
0.086
0.097
0.116
0.141
0.156
0.163
0.164
0.158
0.153
0.152
0.146
0.134
0.112
0.098
0.095
0.096
0.095
0.091
0.085
0.081
0.081
0.081
0.080
0.080
0.082
0.085
0.092
0.099
0.106
0.115
0.119
0.117
0.116
0.114
0.111
0.103
0.096
0.092
0.090
0.091
0.091
0.086
0.081
0.139
0.236
0.265
0.262
0.242
0.255
0.358
0.410
0.581
0.661
0.643
0.652
0.588
0.521
0.471
0.408
0.319
0.246
0.308
0.359
0.282
0.171
0.134
0.125
0.139
0.236
0.265
0.262
0.242
0.255
0.358
0.410
0.581
0.661
0.643
0.652
0.588
0.521
0.471
0.408
0.319
0.246
0.308
0.359
0.282
0.171
0.134
0.125
0.139
0.236
0.265
0.262
0.242
0.255
0.358
0.410
0.581
0.661
0.643
0.652
0.588
0.521
0.471
0.408
0.319
0.246
0.308
0.359
0.282
0.171
0.134
0.125
0.139
0.236
0.265
0.262
0.242
0.255
0.358
0.410
0.581
0.661
0.643
0.652
0.588
0.521
0.471
0.408
0.319
0.246
0.308
0.359
0.282
0.171
0.134
0.125
0.139
0.236
0.265
0.262
0.242
0.255
0.358
0.410
0.581
0.661
0.643
0.652
0.588
0.521
0.471
0.408
0.319
0.246
0.308
0.359
0.282
0.171
0.134
0.125
0.163
0.263
0.302
0.257
0.236
0.238
0.316
0.293
0.264
0.285
0.254
0.273
0.254
0.206
0.174
0.168
0.156
0.168
0.263
0.274
0.189
0.135
0.120
0.124
0.151
0.246
0.269
0.269
0.255
0.261
0.308
0.219
0.159
0.193
0.142
0.157
0.152
0.161
0.168
0.123
0.120
0.116
0.190
0.219
0.171
0.121
0.120
0.126
0.139
0.236
0.265
0.262
0.242
0.255
0.358
0.410
0.581
0.661
0.643
0.652
0.588
0.521
0.471
0.408
0.319
0.246
0.308
0.359
0.282
0.171
0.134
0.125
0.139
0.236
0.265
0.262
0.242
0.255
0.358
0.410
0.581
0.661
0.643
0.652
0.588
0.521
0.471
0.408
0.319
0.246
0.308
0.359
0.282
0.171
0.134
0.125
0.139
0.236
0.265
0.262
0.242
0.255
0.358
0.410
0.581
0.661
0.643
0.652
0.588
0.521
0.471
0.408
0.319
0.246
0.308
0.359
0.282
0.171
0.134
0.125
0.139
0.236
0.265
0.262
0.242
0.255
0.358
0.410
0.581
0.661
0.643
0.652
0.588
0.521
0.471
0.408
0.319
0.246
0.308
0.359
0.282
0.171
0.134
0.125
0.139
0.236
0.265
0.262
0.242
0.255
0.358
0.410
0.581
0.661
0.643
0.652
0.588
0.521
0.471
0.408
0.319
0.246
0.308
0.359
0.282
0.171
0.134
0.125
0.163
0.263
0.302
0.257
0.236
0.238
0.316
0.293
0.264
0.285
0.254
0.273
0.254
0.206
0.174
0.168
0.156
0.168
0.263
0.274
0.189
0.135
0.120
0.124
0.151
0.246
0.269
0.269
0.255
0.261
0.308
0.219
0.159
0.193
0.142
0.157
0.152
0.161
0.168
0.123
0.120
0.116
0.190
0.219
0.171
0.121
0.120
0.126
0.139
0.236
0.265
0.262
0.242
0.255
0.358
0.410
0.581
0.661
0.643
0.652
0.588
0.521
0.471
0.408
0.319
0.246
0.308
0.359
0.282
0.171
0.134
0.125
0.139
0.236
0.265
0.262
0.242
0.255
0.358
0.410
0.581
0.661
0.643
0.652
0.588
0.521
0.471
0.408
0.319
0.246
0.308
0.359
0.282
0.171
0.134
0.125
0.139
0.236
0.265
0.262
0.242
0.255
0.358
0.410
0.581
0.661
0.643
0.652
0.588
0.521
0.471
0.408
0.319
0.246
0.308
0.359
0.282
0.171
0.134
0.125
0.139
0.236
0.265
0.262
0.242
0.255
0.358
0.410
0.581
0.661
0.643
0.652
0.588
0.521
0.471
0.408
0.319
0.246
0.308
0.359
0.282
0.171
0.134
0.125
0.139
0.236
0.265
0.262
0.242
0.255
0.358
0.410
0.581
0.661
0.643
0.652
0.588
0.521
0.471
0.408
0.319
0.246
0.308
0.359
0.282
0.171
0.134
0.125
0.163
0.263
0.302
0.257
0.236
0.238
0.316
0.293
0.264
0.285
0.254
0.273
0.254
0.206
0.174
0.168
0.156
0.168
0.263
0.274
0.189
0.135
0.120
0.124
0.151
0.246
0.269
0.269
0.255
0.261
0.308
0.219
0.159
0.193
0.142
0.157
0.152
0.161
0.168
0.123
0.120
0.116
0.190
0.219
0.171
0.121
0.120
0.126
0.139
0.236
0.265
0.262
0.242
0.255
0.358
0.410
0.581
0.661
0.643
0.652
0.588
0.521
0.471
0.408
0.319
0.246
0.308
0.359
0.282
0.171
0.134
0.125
0.139
0.236
0.265
0.262
0.242
0.255
0.358
0.410
0.581
0.661
0.643
0.652
0.588
0.521
0.471
0.408
0.319
0.246
0.308
0.359
0.282
0.171
0.134
0.125
0.139
0.236
0.265
0.262
0.242
0.255
0.358
0.410
0.581
0.661
0.643
0.652
0.588
0.521
0.471
0.408
0.319
0.246
0.308
0.359
0.282
0.171
0.134
0.125
0.139
0.236
0.265
0.262
0.242
0.255
0.358
0.410
0.581
0.661
0.643
0.652
0.588
0.521
0.471
0.408
0.319
0.246
0.308
0.359
0.282
0.171
0.134
0.125
0.139
0.236
0.265
0.262
0.242
0.255
0.358
0.410
0.581
0.661
0.643
0.652
0.588
0.521
0.471
0.408
0.319
0.246
0.308
0.359
0.282
0.171
0.134
0.125
0.163
0.263
0.302
0.257
0.236
0.238
0.316
0.293
0.264
0.285
0.254
0.273
0.254
0.206
0.174
0.168
0.156
0.168
0.263
0.274
0.189
0.135
0.120
0.124
0.151
0.246
0.269
0.269
0.255
0.261
0.308
0.219
0.159
0.193
0.142
0.157
0.152
0.161
0.168
0.123
0.120
0.116
0.190
0.219
0.171
0.121
0.120
0.126
0.139
0.236
0.265
0.262
0.242
0.255
0.358
0.410
0.581
0.661
0.643
0.652
0.588
0.521
0.471
0.408
0.319
0.246
0.308
0.359
0.282
0.171
0.134
0.125
0.139
0.236
0.265
0.262
0.242
0.255
0.358
0.410
0.581
0.661
0.643
0.652
0.588
0.521
0.471
0.408
0.319
0.246
0.308
0.359
0.282
0.171
0.134
0.125
0.139
0.236
0.265
0.262
0.242
0.255
0.358
0.410
0.581
0.661
0.643
0.652
0.588
0.521
0.471
0.408
0.319
0.246
0.308
0.359
0.282
0.171
0.134
0.125
0.139
0.236
0.265
0.262
0.242
0.255
0.358
0.410
0.581
0.661
0.643
0.652
0.588
0.521
0.471
0.408
0.319
0.246
0.308
0.359
0.282
0.171
0.134
0.125
0.139
0.236
0.265
0.262
0.242
0.255
0.358
0.410
0.581
0.661
0.643
0.652
0.588
0.521
0.471
0.408
0.319
0.246
0.308
0.359
0.282
0.171
0.134
0.125
0.163
0.263
0.302
0.257
0.236
0.238
0.316
0.293
0.264
0.285
0.254
0.273
0.254
0.206
0.174
0.168
0.156
0.168
0.263
0.274
0.189
0.135
0.120
0.124
0.151
0.246
0.269
0.269
0.255
0.261
0.308
0.219
0.159
0.193
0.142
0.157
0.152
0.161
0.168
0.123
0.120
0.116
0.190
0.219
0.171
0.121
0.120
0.126
0.139
0.236
0.265
0.262
0.242
0.255
0.358
0.410
0.581
0.661
0.643
0.652
0.588
0.521
0.471
0.408
0.319
0.246
0.308
0.359
0.282
0.171
0.134
0.125
0.139
0.236
0.265
0.262
0.242
0.255
0.358
0.410
0.581
0.661
0.643
0.652
0.588
0.521
0.471
0.408
0.319
0.246
0.308
0.359
0.282
0.171
0.134
0.125
0.139
0.236
0.265
0.262
0.242
0.255
0.358
0.410
0.581
0.661
0.643
0.652
0.588
0.521
0.471
0.408
0.319
0.246
0.308
0.359
0.282
0.171
0.134
0.125
0.139
0.236
0.265
0.262
0.242
0.255
0.358
0.410
0.581
0.661
0.643
0.652
0.588
0.521
0.471
0.408
0.319
0.246
0.308
0.359
0.282
0.171
0.134
0.125
0.139
0.236
0.265
0.262
0.242
0.255
0.358
0.410
0.581
0.661
0.643
0.652
0.588
0.521
0.471
0.408
0.319
0.246
0.308
0.359
0.282
0.171
0.134
0.125
0.163
0.263
0.302
0.257
0.236
0.238
0.316
0.293
0.264
0.285
0.254
0.273
0.254
0.206
0.174
0.168
0.156
0.168
0.263
0.274
0.189
0.135
0.120
0.124
0.151
0.246
0.269
0.269
0.255
0.261
0.308
0.219
0.159
0.193
0.142
0.157
0.152
0.161
0.168
0.123
0.120
0.116
0.190
0.219
0.171
0.121
0.120
0.126
0.139
0.236
0.265
0.262
0.242
0.255
0.358
0.410
0.581
0.661
0.643
0.652
0.588
0.521
0.471
0.408
0.319
0.246
0.308
0.359
0.282
0.171
0.134
0.125
0.139
0.236
0.265
0.262
0.242
0.255
0.358
0.410
0.581
0.661
0.643
0.652
0.588
0.521
0.471
0.408
0.319
0.246
0.308
0.359
0.282
0.171
0.134
0.125
0.139
0.236
0.265
0.262
0.242
0.255
0.358
0.410
0.581
0.661
0.643
0.652
0.588
0.521
0.471
0.408
0.319
0.246
0.308
0.359
0.282
0.171
0.134
0.125
0.139
0.236
0.265
0.262
0.242
0.255
0.358
0.410
0.581
0.661
0.643
0.652
0.588
0.521
0.471
0.408
0.319
0.246
0.308
0.359
0.282
0.171
0.134
0.125
0.139
0.236
0.265
0.262
0.242
0.255
0.358
0.410
0.581
0.661
0.643
0.652
0.588
0.521
0.471
0.408
0.319
0.246
0.308
0.359
0.282
0.171
0.134
0.125
0.163
0.263
0.302
0.257
0.236
0.238
0.316
0.293
0.264
0.285
0.254
0.273
0.254
0.206
0.174
0.168
0.156
0.168
0.263
0.274
0.189
0.135
0.120
0.124
0.151
0.246
0.269
0.269
0.255
0.261
0.308
0.219
0.159
0.193
0.142
0.157
0.152
0.161
0.168
0.123
0.120
0.116
0.190
0.219
0.171
0.121
0.120
0.126
0.139
0.236
0.265
0.262
0.242
0.255
0.358
0.410
0.581
0.661
0.643
0.652
0.588
0.521
0.471
0.408
0.319
0.246
0.308
0.359
0.282
0.171
0.134
0.125
0.139
0.236
0.265
0.262
0.242
0.255
0.358
0.410
0.581
0.661
0.643
0.652
0.588
0.521
0.471
0.408
0.319
0.246
0.308
0.359
0.282
0.171
0.134
0.125
0.139
0.236
0.265
0.262
0.242
0.255
0.358
0.410
0.581
0.661
0.643
0.652
0.588
0.521
0.471
0.408
0.319
0.246
0.308
0.359
0.282
0.171
0.134
0.125
0.139
0.236
0.265
0.262
0.242
0.255
0.358
0.410
0.581
0.661
0.643
0.652
0.588
0.521
0.471
0.408
0.319
0.246
0.308
0.359
0.282
0.171
0.134
0.125
0.139
0.236
0.265
0.262
0.242
0.255
0.358
0.410
0.581
0.661
0.643
0.652
0.588
0.521
0.471
0.408
0.319
0.246
0.308
0.359
0.282
0.171
0.134
0.125
0.163
0.263
0.302
0.257
0.236
0.238
0.316
0.293
0.264
0.285
0.254
0.273
0.254
0.206
0.174
0.168
0.156
0.168
0.263
0.274
0.189
0.135
0.120
0.124
0.151
0.246
0.269
0.269
0.255
0.261
0.308
0.219
0.159
0.193
0.142
0.157
0.152
0.161
0.168
0.123
0.120
0.116
0.190
0.219
0.171
0.121
0.120
0.126
0.139
0.236
0.265
0.262
0.242
0.255
0.358
0.410
0.581
0.661
0.643
0.652
0.588
0.521
0.471
0.408
0.319
0.246
0.308
0.359
0.282
0.171
0.134
0.125
0.139
0.236
0.265
0.262
0.242
0.255
0.358
0.410
0.581
0.661
0.643
0.652
0.588
0.521
0.471
0.408
0.319
0.246
0.308
0.359
0.282
0.171
0.134
0.125
0.139
0.236
0.265
0.262
0.242
0.255
0.358
0.410
0.581
0.661
0.643
0.652
0.588
0.521
0.471
0.408
0.319
0.246
0.308
0.359
0.282
0.171
0.134
0.125
0.139
0.236
0.265
0.262
0.242
0.255
0.358
0.410
0.581
0.661
0.643
0.652
0.588
0.521
0.471
0.408
0.319
0.246
0.308
0.359
0.282
0.171
0.134
0.125
0.139
0.236
0.265
0.262
0.242
0.255
0.358
0.410
0.581
0.661
0.643
0.652
0.588
0.521
0.471
0.408
0.319
0.246
0.308
0.359
0.282
0.171
0.134
0.125
0.163
0.263
0.302
0.257
0.236
0.238
0.316
0.293
0.264
0.285
0.254
0.273
0.254
0.206
0.174
0.168
0.156
0.168
0.263
0.274
0.189
0.135
0.120
0.124
0.151
0.246
0.269
0.269
0.255
0.261
0.308
0.219
0.159
0.193
0.142
0.157
0.152
0.161
0.168
0.123
0.120
0.116
0.190
0.219
0.171
0.121
0.120
0.126
0.139
0.236
0.265
0.262
0.242
0.255
0.358
0.410
0.581
0.661
0.643
0.652
0.588
0.521
0.471
0.408
0.319
0.246
0.308
0.359
0.282
0.171
0.134
0.125
0.139
0.236
0.265
0.262
0.242
0.255
0.358
0.410
0.581
0.661
0.643
0.652
0.588
0.521
0.471
0.408
0.319
0.246
0.308
0.359
0.282
0.171
0.134
0.125
0.139
0.236
0.265
0.262
0.242
0.255
0.358
0.410
0.581
0.661
0.643
0.652
0.588
0.521
0.471
0.408
0.319
0.246
0.308
0.359
0.282
0.171
0.134
0.125
0.139
0.236
0.265
0.262
0.242
0.255
0.358
0.410
0.581
0.661
0.643
0.652
0.588
0.521
0.471
0.408
0.319
0.246
0.308
0.359
0.282
0.171
0.134
0.125
0.139
0.236
0.265
0.262
0.242
0.255
0.358
0.410
0.581
0.661
0.643
0.652
0.588
0.521
0.471
0.408
0.319
0.246
0.308
0.359
0.282
0.171
0.134
0.125
0.163
0.263
0.302
0.257
0.236
0.238
0.316
0.293
0.264
0.285
0.254
0.273
0.254
0.206
0.174
0.168
0.156
0.168
0.263
0.274
0.189
0.135
0.120
0.124
0.151
0.246
0.269
0.269
0.255
0.261
0.308
0.219
0.159
0.193
0.142
0.157
0.152
0.161
0.168
0.123
0.120
0.116
0.190
0.219
0.171
0.121
0.120
0.126
0.139
0.236
0.265
0.262
0.242
0.255
0.358
0.410
0.581
0.661
0.643
0.652
0.588
0.521
0.471
0.408
0.319
0.246
0.308
0.359
0.282
0.171
0.134
0.125
0.139
0.236
0.265
0.262
0.242
0.255
0.358
0.410
0.581
0.661
0.643
0.652
0.588
0.521
0.471
0.408
0.319
0.246
0.308
0.359
0.282
0.171
0.134
0.125
0.139
0.236
0.265
0.262
0.242
0.255
0.358
0.410
0.581
0.661
0.643
0.652
0.588
0.521
0.471
0.408
0.319
0.246
0.308
0.359
0.282
0.171
0.134
0.125
0.139
0.236
0.265
0.262
0.242
0.255
0.358
0.410
0.581
0.661
0.643
0.652
0.588
0.521
0.471
0.408
0.319
0.246
0.308
0.359
0.282
0.171
0.134
0.125
0.139
0.236
0.265
0.262
0.242
0.255
0.358
0.410
0.581
0.661
0.643
0.652
0.588
0.521
0.471
0.408
0.319
0.246
0.308
0.359
0.282
0.171
0.134
0.125
0.163
0.263
0.302
0.257
0.236
0.238
0.316
0.293
0.264
0.285
0.254
0.273
0.254
0.206
0.174
0.168
0.156
0.168
0.263
0.274
0.189
0.135
0.120
0.124
0.151
0.246
0.269
0.269
0.255
0.261
0.308
0.219
0.159
0.193
0.142
0.157
0.152
0.161
0.168
0.123
0.120
0.116
0.190
0.219
0.171
0.121
0.120
0.120
0.125
0.139
0.236
0.265
0.262
0.242
0.255
0.358
0.410
0.581
0.661
0.643
0.652
0.588
0.521
0.471
0.408
0.319
0.246
0.308
0.359
0.282
0.171
0.134
0.125
0.139
0.236
0.265
0.262
0.242
0.255
0.358
0.410
0.581
0.661
0.643
0.652
0.588
0.521
0.471
0.408
0.319
0.246
0.308
0.359
0.282
0.171
0.134
0.125
0.139
0.236
0.265
0.262
0.242
0.255
0.358
0.410
0.581
0.661
0.643
0.652
0.588
0.521
0.471
0.408
0.319
0.246
0.308
0.359
0.282
0.171
0.134
0.125
0.139
0.236
0.265
0.262
0.242
0.255
0.358
0.410
0.581
0.661
0.643
0.652
0.588
0.521
0.471
0.408
0.319
0.246
0.308
0.359
0.282
0.171
0.134
0.125
0.139
0.236
0.265
0.262
0.242
0.255
0.358
0.410
0.581
0.661
0.643
0.652
0.588
0.521
0.471
0.408
0.319
0.246
0.308
0.359
0.282
0.171
0.134
0.501
0.852
0.844
0.828
0.736
0.683
0.685
0.733
0.611
0.712
0.757
0.788
0.790
0.723
0.655
0.604
0.608
0.649
0.665
0.665
0.600
0.472
0.388
0.407
0.507
0.844
0.840
0.862
0.789
0.729
0.718
0.768
0.567
0.568
0.565
0.581
0.553
0.562
0.540
0.529
0.538
0.584
0.592
0.588
0.556
0.470
0.377
0.420
0.509
0.852
0.860
0.892
0.805
0.742
0.754
0.864
0.900
1.258
1.386
1.424
1.376
1.325
1.196
1.104
1.055
1.037
0.936
0.931
0.877
0.712
0.480
0.444
0.509
0.852
0.860
0.892
0.805
0.742
0.754
0.864
0.900
1.258
1.386
1.424
1.376
1.325
1.196
1.104
1.055
1.037
0.936
0.931
0.877
0.712
0.480
0.444
0.509
0.852
0.860
0.892
0.805
0.742
0.754
0.864
0.900
1.258
1.386
1.424
1.376
1.325
1.196
1.104
1.055
1.037
0.936
0.931
0.877
0.712
0.480
0.444
0.509
0.852
0.860
0.892
0.805
0.742
0.754
0.864
0.900
1.258
1.386
1.424
1.376
1.325
1.196
1.104
1.055
1.037
0.936
0.931
0.877
0.712
0.480
0.444
0.509
0.852
0.860
0.892
0.805
0.742
0.754
0.864
0.900
1.258
1.386
1.424
1.376
1.325
1.196
1.104
1.055
1.037
0.936
0.931
0.877
0.712
0.480
0.444
0.501
0.852
0.844
0.828
0.736
0.683
0.685
0.733
0.611
0.712
0.757
0.788
0.790
0.723
0.655
0.604
0.608
0.649
0.665
0.665
0.600
0.472
0.388
0.407
0.507
0.844
0.840
0.862
0.789
0.729
0.718
0.768
0.567
0.568
0.565
0.581
0.553
0.562
0.540
0.529
0.538
0.584
0.592
0.588
0.556
0.470
0.377
0.420
0.509
0.852
0.860
0.892
0.805
0.742
0.754
0.864
0.900
1.258
1.386
1.424
1.376
1.325
1.196
1.104
1.055
1.037
0.936
0.931
0.877
0.712
0.480
0.444
0.509
0.852
0.860
0.892
0.805
0.742
0.754
0.864
0.900
1.258
1.386
1.424
1.376
1.325
1.196
1.104
1.055
1.037
0.936
0.931
0.877
0.712
0.480
0.444
0.509
0.852
0.860
0.892
0.805
0.742
0.754
0.864
0.900
1.258
1.386
1.424
1.376
1.325
1.196
1.104
1.055
1.037
0.936
0.931
0.877
0.712
0.480
0.444
0.509
0.852
0.860
0.892
0.805
0.742
0.754
0.864
0.900
1.258
1.386
1.424
1.376
1.325
1.196
1.104
1.055
1.037
0.936
0.931
0.877
0.712
0.480
0.444
0.509
0.852
0.860
0.892
0.805
0.742
0.754
0.864
0.900
1.258
1.386
1.424
1.376
1.325
1.196
1.104
1.055
1.037
0.936
0.931
0.877
0.712
0.480
0.444
0.501
0.852
0.844
0.828
0.736
0.683
0.685
0.733
0.611
0.712
0.757
0.788
0.790
0.723
0.655
0.604
0.608
0.649
0.665
0.665
0.600
0.472
0.388
0.407
0.507
0.844
0.840
0.862
0.789
0.729
0.718
0.768
0.567
0.568
0.565
0.581
0.553
0.562
0.540
0.529
0.538
0.584
0.592
0.588
0.556
0.470
0.377
0.420
0.509
0.852
0.860
0.892
0.805
0.742
0.754
0.864
0.900
1.258
1.386
1.424
1.376
1.325
1.196
1.104
1.055
1.037
0.936
0.931
0.877
0.712
0.480
0.444
0.509
0.852
0.860
0.892
0.805
0.742
0.754
0.864
0.900
1.258
1.386
1.424
1.376
1.325
1.196
1.104
1.055
1.037
0.936
0.931
0.877
0.712
0.480
0.444
0.509
0.852
0.860
0.892
0.805
0.742
0.754
0.864
0.900
1.258
1.386
1.424
1.376
1.325
1.196
1.104
1.055
1.037
0.936
0.931
0.877
0.712
0.480
0.444
0.509
0.852
0.860
0.892
0.805
0.742
0.754
0.864
0.900
1.258
1.386
1.424
1.376
1.325
1.196
1.104
1.055
1.037
0.936
0.931
0.877
0.712
0.480
0.444
0.509
0.852
0.860
0.892
0.805
0.742
0.754
0.864
0.900
1.258
1.386
1.424
1.376
1.325
1.196
1.104
1.055
1.037
0.936
0.931
0.877
0.712
0.480
0.444
0.501
0.852
0.844
0.828
0.736
0.683
0.685
0.733
0.611
0.712
0.757
0.788
0.790
0.723
0.655
0.604
0.608
0.649
0.665
0.665
0.600
0.472
0.388
0.407
0.507
0.844
0.840
0.862
0.789
0.729
0.718
0.768
0.567
0.568
0.565
0.581
0.553
0.562
0.540
0.529
0.538
0.584
0.592
0.588
0.556
0.470
0.377
0.420
0.509
0.852
0.860
0.892
0.805
0.742
0.754
0.864
0.900
1.258
1.386
1.424
1.376
1.325
1.196
1.104
1.055
1.037
0.936
0.931
0.877
0.712
0.480
0.444
0.509
0.852
0.860
0.892
0.805
0.742
0.754
0.864
0.900
1.258
1.386
1.424
1.376
1.325
1.196
1.104
1.055
1.037
0.936
0.931
0.877
0.712
0.480
0.444
0.509
0.852
0.860
0.892
0.805
0.742
0.754
0.864
0.900
1.258
1.386
1.424
1.376
1.325
1.196
1.104
1.055
1.037
0.936
0.931
0.877
0.712
0.480
0.444
0.509
0.852
0.860
0.892
0.805
0.742
0.754
0.864
0.900
1.258
1.386
1.424
1.376
1.325
1.196
1.104
1.055
1.037
0.936
0.931
0.877
0.712
0.480
0.444
0.509
0.852
0.860
0.892
0.805
0.742
0.754
0.864
0.900
1.258
1.386
1.424
1.376
1.325
1.196
1.104
1.055
1.037
0.936
0.931
0.877
0.712
0.480
0.444
0.501
0.852
0.844
0.828
0.736
0.683
0.685
0.733
0.611
0.712
0.757
0.788
0.790
0.723
0.655
0.604
0.608
0.649
0.665
0.665
0.600
0.472
0.388
0.407
0.507
0.844
0.840
0.862
0.789
0.729
0.718
0.768
0.567
0.568
0.565
0.581
0.553
0.562
0.540
0.529
0.538
0.584
0.592
0.588
0.556
0.470
0.377
0.420
0.509
0.852
0.860
0.892
0.805
0.742
0.754
0.864
0.900
1.258
1.386
1.424
1.376
1.325
1.196
1.104
1.055
1.037
0.936
0.931
0.877
0.712
0.480
0.444
0.509
0.852
0.860
0.892
0.805
0.742
0.754
0.864
0.900
1.258
1.386
1.424
1.376
1.325
1.196
1.104
1.055
1.037
0.936
0.931
0.877
0.712
0.480
0.444
0.509
0.852
0.860
0.892
0.805
0.742
0.754
0.864
0.900
1.258
1.386
1.424
1.376
1.325
1.196
1.104
1.055
1.037
0.936
0.931
0.877
0.712
0.480
0.444
0.509
0.852
0.860
0.892
0.805
0.742
0.754
0.864
0.900
1.258
1.386
1.424
1.376
1.325
1.196
1.104
1.055
1.037
0.936
0.931
0.877
0.712
0.480
0.444
0.509
0.852
0.860
0.892
0.805
0.742
0.754
0.864
0.900
1.258
1.386
1.424
1.376
1.325
1.196
1.104
1.055
1.037
0.936
0.931
0.877
0.712
0.480
0.444
0.501
0.852
0.844
0.828
0.736
0.683
0.685
0.733
0.611
0.712
0.757
0.788
0.790
0.723
0.655
0.604
0.608
0.649
0.665
0.665
0.600
0.472
0.388
0.407
0.507
0.844
0.840
0.862
0.789
0.729
0.718
0.768
0.567
0.568
0.565
0.581
0.553
0.562
0.540
0.529
0.538
0.584
0.592
0.588
0.556
0.470
0.377
0.420
0.509
0.852
0.860
0.892
0.805
0.742
0.754
0.864
0.900
1.258
1.386
1.424
1.376
1.325
1.196
1.104
1.055
1.037
0.936
0.931
0.877
0.712
0.480
0.444
0.509
0.852
0.860
0.892
0.805
0.742
0.754
0.864
0.900
1.258
1.386
1.424
1.376
1.325
1.196
1.104
1.055
1.037
0.936
0.931
0.877
0.712
0.480
0.444
0.509
0.852
0.860
0.892
0.805
0.742
0.754
0.864
0.900
1.258
1.386
1.424
1.376
1.325
1.196
1.104
1.055
1.037
0.936
0.931
0.877
0.712
0.480
0.444
0.509
0.852
0.860
0.892
0.805
0.742
0.754
0.864
0.900
1.258
1.386
1.424
1.376
1.325
1.196
1.104
1.055
1.037
0.936
0.931
0.877
0.712
0.480
0.444
0.509
0.852
0.860
0.892
0.805
0.742
0.754
0.864
0.900
1.258
1.386
1.424
1.376
1.325
1.196
1.104
1.055
1.037
0.936
0.931
0.877
0.712
0.480
0.444
0.501
0.852
0.844
0.828
0.736
0.683
0.685
0.733
0.611
0.712
0.757
0.788
0.790
0.723
0.655
0.604
0.608
0.649
0.665
0.665
0.600
0.472
0.388
0.407
0.507
0.844
0.840
0.862
0.789
0.729
0.718
0.768
0.567
0.568
0.565
0.581
0.553
0.562
0.540
0.529
0.538
0.584
0.592
0.588
0.556
0.470
0.377
0.420
0.509
0.852
0.860
0.892
0.805
0.742
0.754
0.864
0.900
1.258
1.386
1.424
1.376
1.325
1.196
1.104
1.055
1.037
0.936
0.931
0.877
0.712
0.480
0.444
0.509
0.852
0.860
0.892
0.805
0.742
0.754
0.864
0.900
1.258
1.386
1.424
1.376
1.325
1.196
1.104
1.055
1.037
0.936
0.931
0.877
0.712
0.480
0.444
0.509
0.852
0.860
0.892
0.805
0.742
0.754
0.864
0.900
1.258
1.386
1.424
1.376
1.325
1.196
1.104
1.055
1.037
0.936
0.931
0.877
0.712
0.480
0.444
0.509
0.852
0.860
0.892
0.805
0.742
0.754
0.864
0.900
1.258
1.386
1.424
1.376
1.325
1.196
1.104
1.055
1.037
0.936
0.931
0.877
0.712
0.480
0.444
0.509
0.852
0.860
0.892
0.805
0.742
0.754
0.864
0.900
1.258
1.386
1.424
1.376
1.325
1.196
1.104
1.055
1.037
0.936
0.931
0.877
0.712
0.480
0.444
0.501
0.852
0.844
0.828
0.736
0.683
0.685
0.733
0.611
0.712
0.757
0.788
0.790
0.723
0.655
0.604
0.608
0.649
0.665
0.665
0.600
0.472
0.388
0.407
0.507
0.844
0.840
0.862
0.789
0.729
0.718
0.768
0.567
0.568
0.565
0.581
0.553
0.562
0.540
0.529
0.538
0.584
0.592
0.588
0.556
0.470
0.377
0.420
0.509
0.852
0.860
0.892
0.805
0.742
0.754
0.864
0.900
1.258
1.386
1.424
1.376
1.325
1.196
1.104
1.055
1.037
0.936
0.931
0.877
0.712
0.480
0.444
0.509
0.852
0.860
0.892
0.805
0.742
0.754
0.864
0.900
1.258
1.386
1.424
1.376
1.325
1.196
1.104
1.055
1.037
0.936
0.931
0.877
0.712
0.480
0.444
0.509
0.852
0.860
0.892
0.805
0.742
0.754
0.864
0.900
1.258
1.386
1.424
1.376
1.325
1.196
1.104
1.055
1.037
0.936
0.931
0.877
0.712
0.480
0.444
0.509
0.852
0.860
0.892
0.805
0.742
0.754
0.864
0.900
1.258
1.386
1.424
1.376
1.325
1.196
1.104
1.055
1.037
0.936
0.931
0.877
0.712
0.480
0.444
0.509
0.852
0.860
0.892
0.805
0.742
0.754
0.864
0.900
1.258
1.386
1.424
1.376
1.325
1.196
1.104
1.055
1.037
0.936
0.931
0.877
0.712
0.480
0.444
0.501
0.852
0.844
0.828
0.736
0.683
0.685
0.733
0.611
0.712
0.757
0.788
0.790
0.723
0.655
0.604
0.608
0.649
0.665
0.665
0.600
0.472
0.388
0.407
0.507
0.844
0.840
0.862
0.789
0.729
0.718
0.768
0.567
0.568
0.565
0.581
0.553
0.562
0.540
0.529
0.538
0.584
0.592
0.588
0.556
0.470
0.377
0.420
0.509
0.852
0.860
0.892
0.805
0.742
0.754
0.864
0.900
1.258
1.386
1.424
1.376
1.325
1.196
1.104
1.055
1.037
0.936
0.931
0.877
0.712
0.480
0.444
0.509
0.852
0.860
0.892
0.805
0.742
0.754
0.864
0.900
1.258
1.386
1.424
1.376
1.325
1.196
1.104
1.055
1.037
0.936
0.931
0.877
0.712
0.480
0.444
0.509
0.852
0.860
0.892
0.805
0.742
0.754
0.864
0.900
1.258
1.386
1.424
1.376
1.325
1.196
1.104
1.055
1.037
0.936
0.931
0.877
0.712
0.480
0.444
0.509
0.852
0.860
0.892
0.805
0.742
0.754
0.864
0.900
1.258
1.386
1.424
1.376
1.325
1.196
1.104
1.055
1.037
0.936
0.931
0.877
0.712
0.480
0.444
