0.000
0.000
0.000
0.000
0.000
0.000
0.000
0.000
0.025
0.161
0.355
0.437
0.508
0.422
0.249
0.067
0.000
0.000
0.000
0.000
0.000
0.000
0.000
0.000
0.000
0.000
0.000
0.000
0.000
0.000
0.000
0.000
0.040
0.771
2.633
3.887
4.284
3.741
2.529
0.761
0.113
0.000
0.000
0.000
0.000
0.000
0.000
0.000
0.000
0.000
0.000
0.000
0.000
0.000
0.000
0.000
0.000
0.096
0.345
0.698
0.963
1.022
0.865
0.374
0.157
0.000
0.000
0.000
0.000
0.000
0.000
0.000
0.000
0.000
0.000
0.000
0.000
0.000
0.000
0.000
0.048
0.639
1.703
2.487
2.466
2.215
1.170
0.307
0.136
0.000
0.000
0.000
0.000
0.000
0.000
0.000
0.000
0.000
0.000
0.000
0.000
0.000
0.000
0.000
0.046
0.336
0.942
1.377
1.584
1.279
0.736
0.247
0.000
0.000
0.000
0.000
0.000
0.000
0.000
0.000
0.000
0.000
0.000
0.000
0.000
0.000
0.000
0.000
0.061
0.249
0.631
1.342
2.299
2.905
2.236
1.018
0.086
0.000
0.000
0.000
0.000
0.000
0.000
0.000
0.000
0.000
0.000
0.000
0.000
0.000
0.000
0.000
0.125
0.581
0.786
0.972
0.930
0.752
0.449
0.157
0.000
0.000
0.000
0.000
0.000
0.000
0.000
0.000
0.000
0.000
0.000
0.000
0.000
0.000
0.000
0.000
0.000
0.107
0.604
1.977
3.176
3.323
2.696
0.896
0.088
0.000
0.000
0.000
0.000
0.000
0.000
0.000
0.000
0.000
0.000
0.000
0.000
0.000
0.000
0.000
0.094
0.702
2.021
2.821
2.549
1.810
0.600
0.144
0.000
0.000
0.000
0.000
0.000
0.000
0.000
0.000
0.000
0.000
0.000
0.000
0.000
0.000
0.000
0.000
0.050
0.407
1.298
2.027
2.717
2.675
1.983
0.677
0.069
0.000
0.000
0.000
0.000
0.000
0.000
0.000
0.000
0.000
0.000
0.000
0.000
0.000
0.000
0.000
0.113
1.141
2.278
2.738
2.591
1.780
0.901
0.309
0.171
0.000
0.000
0.000
0.000
0.000
0.000
0.000
0.000
0.000
0.000
0.000
0.000
0.000
0.000
0.000
0.117
0.270
0.646
0.953
1.034
0.913
0.575
0.219
0.038
0.000
0.000
0.000
0.000
0.000
0.000
0.000
0.000
0.000
0.000
0.000
0.000
0.000
0.000
0.000
0.052
1.049
2.445
2.403
1.975
2.071
1.682
0.942
0.052
0.000
0.000
0.000
0.000
0.000
0.000
0.000
0.000
0.000
0.000
0.000
0.000
0.000
0.000
0.000
0.075
1.289
3.051
4.472
4.430
3.093
1.615
0.424
0.100
0.000
0.000
0.000
0.000
0.000
0.000
0.000
0.000
0.000
0.000
0.000
0.000
0.000
0.000
0.000
0.038
0.721
1.803
2.738
3.135
3.114
2.508
1.118
0.088
0.000
0.000
0.000
0.000
0.000
0.000
0.000
0.000
0.000
0.000
0.000
0.000
0.000
0.000
0.000
0.059
0.646
1.734
2.424
3.344
3.406
2.382
1.174
0.125
0.000
0.000
0.000
0.000
0.000
0.000
0.000
0.000
0.000
0.000
0.000
0.000
0.000
0.000
0.000
0.178
0.896
1.987
3.093
3.615
3.594
2.361
0.917
0.063
0.000
0.000
0.000
0.000
0.000
0.000
0.000
0.000
0.000
0.000
0.000
0.000
0.000
0.000
0.000
0.059
0.947
2.111
2.967
3.511
3.344
2.445
1.310
0.176
0.000
0.000
0.000
0.000
0.000
0.000
0.000
0.000
0.000
0.000
0.000
0.000
0.000
0.000
0.000
0.121
1.128
2.654
3.782
4.368
3.218
2.111
1.095
0.136
0.000
0.000
0.000
0.000
0.000
0.000
0.000
0.000
0.000
0.000
0.000
0.000
0.000
0.000
0.000
0.146
1.099
2.111
2.842
3.009
2.591
1.925
0.748
0.109
0.000
0.000
0.000
0.000
0.000
0.000
0.000
0.000
0.000
0.000
0.000
0.000
0.000
0.000
0.000
0.061
0.263
0.658
1.097
1.166
0.965
0.731
0.359
0.077
0.000
0.000
0.000
0.000
0.000
0.000
0.000
0.000
0.000
0.000
0.000
0.000
0.000
0.000
0.000
0.109
0.667
1.454
2.257
2.717
2.466
1.787
0.913
0.148
0.000
0.000
0.000
0.000
0.000
0.000
0.000
0.000
0.000
0.000
0.000
0.000
0.000
0.000
0.000
0.230
1.243
2.717
3.866
3.761
3.281
2.014
0.800
0.094
0.000
0.000
0.000
0.000
0.000
0.000
0.000
0.000
0.000
0.000
0.000
0.000
0.000
0.000
0.000
0.284
1.935
3.761
4.785
5.120
4.702
3.636
1.816
0.297
0.000
0.000
0.000
0.000
0.000
0.000
0.000
0.000
0.000
0.000
0.000
0.000
0.000
0.000
0.000
0.117
0.871
1.737
2.340
2.549
2.000
1.415
0.700
0.107
0.000
0.000
0.000
0.000
0.000
0.000
0.000
0.000
0.000
0.000
0.000
0.000
0.000
0.000
0.000
0.086
1.118
2.111
2.633
2.508
2.010
1.398
0.794
0.192
0.000
0.000
0.000
0.000
0.000
0.000
0.000
0.000
0.000
0.000
0.000
0.000
0.000
0.000
0.000
0.111
0.746
1.682
2.361
2.529
2.002
1.281
0.579
0.109
0.000
0.000
0.000
0.000
0.000
0.000
0.000
0.000
0.000
0.000
0.000
0.000
0.000
0.000
0.000
0.044
0.336
0.853
1.705
2.591
3.093
2.947
1.565
0.249
0.000
0.000
0.000
0.000
0.000
0.000
0.000
0.000
0.000
0.000
0.000
0.000
0.000
0.000
0.000
0.286
1.375
2.403
2.905
2.633
2.132
1.534
0.932
0.244
0.000
0.000
0.000
0.000
0.000
0.000
0.000
0.000
0.000
0.000
0.000
0.000
0.000
0.000
0.000
0.217
1.177
2.758
3.782
4.326
3.678
2.884
1.753
0.401
0.000
0.000
0.000
0.000
0.000
0.000
0.000
0.000
0.000
0.000
0.000
0.000
0.000
0.000
0.000
0.125
0.658
1.444
2.194
2.382
2.132
1.728
1.080
0.322
0.000
0.000
0.000
0.000
0.000
0.000
0.000
0.000
0.000
0.000
0.000
0.000
0.000
0.000
0.000
0.167
1.093
2.633
3.469
3.511
3.469
2.905
1.906
0.462
0.000
0.000
0.000
0.000
0.000
0.000
0.000
0.000
0.000
0.000
0.000
0.000
0.000
0.000
0.000
0.499
1.605
2.361
2.821
3.197
3.072
2.382
1.446
0.359
0.000
0.000
0.000
0.000
0.000
0.000
0.000
0.000
0.000
0.000
0.000
0.000
0.000
0.000
0.000
0.194
1.105
2.529
3.887
4.284
4.326
3.385
2.132
0.665
0.000
0.000
0.000
0.000
0.000
0.000
0.000
0.000
0.000
0.000
0.000
0.000
0.000
0.000
0.000
0.368
1.760
3.239
4.535
4.890
4.660
3.239
2.063
0.637
0.000
0.000
0.000
0.000
0.000
0.000
0.000
0.000
0.000
0.000
0.000
0.000
0.000
0.000
0.000
0.163
0.798
1.490
2.173
2.382
2.194
1.774
1.076
0.339
0.000
0.000
0.000
0.000
0.000
0.000
0.000
0.000
0.000
0.000
0.000
0.000
0.000
0.000
0.000
0.447
2.060
4.096
5.391
5.935
5.559
4.827
3.155
1.055
0.205
0.000
0.000
0.000
0.000
0.000
0.000
0.000
0.000
0.000
0.000
0.000
0.000
0.000
0.000
0.378
1.233
2.056
2.738
2.570
2.382
1.822
1.145
0.393
0.075
0.000
0.000
0.000
0.000
0.000
0.000
0.000
0.000
0.000
0.000
0.000
0.000
0.000
0.000
0.631
2.382
4.472
5.747
6.248
5.977
4.994
3.155
1.112
0.161
0.000
0.000
0.000
0.000
0.000
0.000
0.000
0.000
0.000
0.000
0.000
0.000
0.000
0.000
0.470
1.912
3.511
4.660
5.726
5.914
4.911
3.197
1.199
0.173
0.000
0.000
0.000
0.000
0.000
0.000
0.000
0.000
0.000
0.000
0.000
0.000
0.000
0.000
0.213
0.677
1.275
1.728
1.891
1.914
1.615
1.022
0.322
0.000
0.000
0.000
0.000
0.000
0.000
0.000
0.000
0.000
0.000
0.000
0.000
0.000
0.000
0.000
0.054
0.270
0.466
0.677
0.784
0.744
0.598
0.368
0.134
0.000
0.000
0.000
0.000
0.000
0.000
0.000
0.000
0.000
0.000
0.000
0.000
0.000
0.000
0.000
0.140
0.610
1.166
1.624
1.870
1.569
1.436
0.851
0.282
0.121
0.000
0.000
0.000
0.000
0.000
0.000
0.000
0.000
0.000
0.000
0.000
0.000
0.000
0.000
0.222
0.581
1.032
1.344
1.565
1.686
1.220
0.731
0.359
0.226
0.000
0.000
0.000
0.000
0.000
0.000
0.000
0.000
0.000
0.000
0.000
0.000
0.000
0.000
0.313
0.970
1.603
1.979
2.340
2.215
1.816
1.147
0.451
0.159
0.000
0.000
0.000
0.000
0.000
0.000
0.000
0.000
0.000
0.000
0.000
0.000
0.000
0.094
0.443
1.319
2.299
2.675
2.863
3.093
2.508
1.588
0.587
0.178
0.000
0.000
0.000
0.000
0.000
0.000
0.000
0.000
0.000
0.000
0.000
0.000
0.000
0.084
0.234
0.642
1.160
1.716
1.927
1.818
1.452
1.191
0.725
0.188
0.000
0.000
0.000
0.000
0.000
0.000
0.000
0.000
0.000
0.000
0.000
0.000
0.000
0.184
1.492
3.720
5.809
6.875
7.230
6.499
5.120
3.427
1.609
0.104
0.000
0.000
0.000
0.000
0.000
0.000
0.000
0.000
0.000
0.000
0.000
0.000
0.000
0.113
1.193
2.800
4.639
5.496
5.517
5.036
3.950
2.696
1.118
0.079
0.000
0.000
0.000
0.000
0.000
0.000
0.000
0.000
0.000
0.000
0.000
0.000
0.000
0.123
0.677
1.204
1.365
1.613
1.617
1.266
1.254
1.070
0.474
0.059
0.000
0.000
0.000
0.000
0.000
0.000
0.000
0.000
0.000
0.000
0.000
0.000
0.000
0.121
0.851
2.004
2.487
2.821
3.114
2.758
2.215
1.757
0.980
0.157
0.000
0.000
0.000
0.000
0.000
0.000
0.000
0.000
0.000
0.000
0.000
0.000
0.000
0.098
1.147
3.197
4.848
5.621
5.496
5.141
4.576
3.114
1.628
0.199
0.000
0.000
0.000
0.000
0.000
0.000
0.000
0.000
0.000
0.000
0.000
0.000
0.000
0.194
1.314
2.060
2.194
2.340
1.563
0.965
0.642
0.405
0.196
0.052
0.000
0.000
0.000
0.000
0.000
0.000
0.000
0.000
0.000
0.000
0.000
0.000
0.000
0.134
1.321
3.239
4.785
5.350
5.496
4.953
4.284
3.114
1.643
0.171
0.000
0.000
0.000
0.000
0.000
0.000
0.000
0.000
0.000
0.000
0.000
0.000
0.000
0.169
1.323
3.260
4.806
5.830
5.642
5.266
4.576
3.197
1.647
0.192
0.000
0.000
0.000
0.000
0.000
0.000
0.000
0.000
0.000
0.000
0.000
0.000
0.000
0.100
0.721
2.025
3.218
3.970
4.075
3.845
3.030
1.824
0.690
0.113
0.000
0.000
0.000
0.000
0.000
0.000
0.000
0.000
0.000
0.000
0.000
0.000
0.000
0.071
0.320
0.616
1.116
2.027
2.340
2.696
3.218
2.967
1.768
0.353
0.000
0.000
0.000
0.000
0.000
0.000
0.000
0.000
0.000
0.000
0.000
0.000
0.000
0.324
2.173
4.493
6.269
7.293
7.251
6.186
4.890
3.260
1.463
0.265
0.000
0.000
0.000
0.000
0.000
0.000
0.000
0.000
0.000
0.000
0.000
0.000
0.000
0.084
0.399
1.051
1.862
2.278
2.056
1.866
1.362
0.853
0.376
0.081
0.000
0.000
0.000
0.000
0.000
0.000
0.000
0.000
0.000
0.000
0.000
0.000
0.000
0.286
1.824
3.908
5.538
5.956
6.039
4.953
3.532
2.215
1.227
0.261
0.000
0.000
0.000
0.000
0.000
0.000
0.000
0.000
0.000
0.000
0.000
0.000
0.000
0.307
1.411
3.406
5.183
6.311
6.959
6.875
5.851
4.744
2.591
0.506
0.000
0.000
0.000
0.000
0.000
0.000
0.000
0.000
0.000
0.000
0.000
0.000
0.000
0.217
1.594
3.803
5.893
6.583
7.168
7.105
6.081
4.472
2.612
0.700
0.000
0.000
0.000
0.000
0.000
0.000
0.000
0.000
0.000
0.000
0.000
0.000
0.000
0.516
2.445
4.660
6.687
7.627
7.711
7.398
6.332
4.723
2.696
0.669
0.000
0.000
0.000
0.000
0.000
0.000
0.000
0.000
0.000
0.000
0.000
0.000
0.000
0.522
1.822
3.490
4.535
5.015
4.681
4.200
3.281
2.152
1.037
0.318
0.000
0.000
0.000
0.000
0.000
0.000
0.000
0.000
0.000
0.000
0.000
0.000
0.000
0.272
1.168
2.988
5.141
6.959
7.586
7.544
6.604
4.827
2.884
0.621
0.000
0.000
0.000
0.000
0.000
0.000
0.000
0.000
0.000
0.000
0.000
0.000
0.000
0.267
1.367
2.905
4.702
6.290
7.084
7.502
6.604
4.953
2.842
0.763
0.000
0.000
0.000
0.000
0.000
0.000
0.000
0.000
0.000
0.000
0.000
0.000
0.000
0.407
1.622
2.675
3.344
3.511
3.302
2.988
3.239
2.863
2.111
0.786
0.000
0.000
0.000
0.000
0.000
0.000
0.000
0.000
0.000
0.000
0.000
0.000
0.000
0.621
1.534
2.111
2.086
1.651
1.362
1.214
1.120
0.993
0.541
0.203
0.000
0.000
0.000
0.000
0.000
0.000
0.000
0.000
0.000
0.000
0.000
0.000
0.000
0.725
2.988
5.245
7.126
8.338
8.359
8.066
6.854
5.391
3.323
0.888
0.000
0.000
0.000
0.000
0.000
0.000
0.000
0.000
0.000
0.000
0.000
0.000
0.349
0.761
2.654
4.639
5.663
5.726
4.911
3.511
2.466
1.613
0.848
0.299
0.000
0.000
0.000
0.000
0.000
0.000
0.000
0.000
0.000
0.000
0.000
0.000
0.061
0.573
1.776
3.030
4.368
5.559
5.830
5.162
3.803
2.194
0.986
0.276
0.000
0.000
0.000
0.000
0.000
0.000
0.000
0.000
0.000
0.000
0.000
0.000
0.025
0.336
0.982
1.900
2.967
3.636
4.138
4.096
3.845
2.905
1.728
0.616
0.000
0.000
0.000
0.000
0.000
0.000
0.000
0.000
0.000
0.000
0.000
0.000
0.401
0.479
1.624
2.717
3.364
3.239
3.323
3.239
3.093
2.466
1.599
0.570
0.000
0.000
0.000
0.000
0.000
0.000
0.000
0.000
0.000
0.000
0.000
0.000
0.000
0.232
0.750
1.417
1.946
2.361
2.340
2.257
1.724
1.260
0.688
0.244
0.073
0.000
0.000
0.000
0.000
0.000
0.000
0.000
0.000
0.000
0.000
0.000
0.000
0.211
0.777
1.369
1.829
2.194
2.382
2.340
1.981
1.492
0.848
0.353
0.000
0.000
0.000
0.000
0.000
0.000
0.000
0.000
0.000
0.000
0.000
0.000
0.000
0.364
1.298
2.445
3.720
4.472
5.371
5.350
4.848
3.761
2.194
0.857
0.180
0.000
0.000
0.000
0.000
0.000
0.000
0.000
0.000
0.000
0.000
0.000
0.059
0.759
2.215
4.305
5.956
7.063
7.419
6.687
5.726
4.263
2.445
0.853
0.148
0.000
0.000
0.000
0.000
0.000
0.000
0.000
0.000
0.000
0.000
0.000
0.176
0.458
1.264
2.320
3.385
4.451
4.765
4.409
3.845
2.967
1.741
0.635
0.104
0.000
0.000
0.000
0.000
0.000
0.000
0.000
0.000
0.000
0.000
0.000
0.069
0.577
1.674
0.874
3.448
6.311
7.627
7.920
6.896
5.183
3.072
0.951
0.182
0.000
0.000
0.000
0.000
0.000
0.000
0.000
0.000
0.000
0.000
0.000
0.111
1.003
2.278
3.469
4.012
4.869
5.391
5.308
4.869
3.950
2.445
1.030
0.234
0.000
0.000
0.000
0.000
0.000
0.000
0.000
0.000
0.000
0.000
0.000
0.113
0.815
2.257
4.242
5.747
6.854
7.690
8.087
7.419
5.893
3.657
1.398
0.148
0.000
0.000
0.000
0.000
0.000
0.000
0.000
0.000
0.000
0.000
0.000
0.144
1.024
2.424
4.096
5.203
5.851
5.747
5.183
4.138
2.842
1.854
0.786
0.207
0.000
0.000
0.000
0.000
0.000
0.000
0.000
0.000
0.000
0.000
0.000
0.132
1.275
3.323
5.203
5.851
5.893
6.060
5.559
5.642
4.179
2.884
1.296
0.165
0.000
0.000
0.000
0.000
0.000
0.000
0.000
0.000
0.000
0.000
0.000
0.188
1.626
4.033
6.353
7.502
7.732
7.398
6.875
6.060
5.015
3.490
1.360
0.132
0.000
0.000
0.000
0.000
0.000
0.000
0.000
0.000
0.000
0.000
0.000
0.236
0.366
1.193
2.508
4.221
4.994
6.750
7.042
7.021
6.060
4.409
2.111
0.249
0.000
0.000
0.000
0.000
0.000
0.000
0.000
0.000
0.000
0.000
0.000
0.288
1.707
3.720
5.914
7.586
7.774
6.875
6.583
5.809
4.785
3.406
1.448
0.182
0.000
0.000
0.000
0.000
0.000
0.000
0.000
0.000
0.000
0.000
0.000
0.136
0.472
1.022
1.716
2.570
3.135
3.866
3.490
3.364
2.779
2.040
0.711
0.194
0.000
0.000
0.000
0.000
0.000
0.000
0.000
0.000
0.000
0.000
0.000
0.098
0.387
0.955
1.651
1.927
2.278
2.926
3.573
4.138
3.866
2.612
1.068
0.153
0.000
0.000
0.000
0.000
0.000
0.000
0.000
0.000
0.000
0.000
0.000
0.405
2.132
4.326
6.102
6.896
6.833
6.771
5.141
3.385
1.780
0.813
0.293
0.125
0.000
0.000
0.000
0.000
0.000
0.000
0.000
0.000
0.000
0.000
0.000
0.380
1.787
3.866
6.499
8.129
8.819
8.902
8.317
7.669
5.809
4.033
1.946
0.272
0.000
0.000
0.000
0.000
0.000
0.000
0.000
0.000
0.000
0.000
0.000
0.564
2.278
4.660
6.666
7.063
6.708
6.290
5.872
4.911
3.030
1.626
0.880
0.140
0.000
0.000
0.000
0.000
0.000
0.000
0.000
0.000
0.000
0.000
0.000
0.441
1.818
3.678
5.580
7.335
8.735
8.986
8.568
6.854
4.953
2.905
1.218
0.186
0.000
0.000
0.000
0.000
0.000
0.000
0.000
0.000
0.000
0.000
0.000
0.134
0.639
1.438
2.445
3.197
3.678
3.406
2.549
2.173
1.797
1.262
0.696
0.188
0.000
0.000
0.000
0.000
0.000
0.000
0.000
0.000
0.000
0.000
0.000
0.244
0.947
1.872
3.093
3.636
4.200
5.099
5.391
5.141
4.159
2.800
1.519
0.382
0.000
0.000
0.000
0.000
0.000
0.000
0.000
0.000
0.000
0.000
0.000
0.420
1.540
3.803
5.914
7.502
7.607
7.836
7.439
6.374
5.203
3.929
2.194
0.510
0.000
0.000
0.000
0.000
0.000
0.000
0.000
0.000
0.000
0.000
0.000
0.834
3.051
5.747
8.651
10.595
11.661
12.016
11.096
9.905
7.941
5.663
2.926
0.727
0.000
0.000
0.000
0.000
0.000
0.000
0.000
0.000
0.000
0.000
0.000
0.848
3.009
5.538
8.526
10.720
12.664
12.998
12.141
10.532
8.442
5.789
2.842
0.656
0.000
0.000
0.000
0.000
0.000
0.000
0.000
0.000
0.000
0.000
1.525
0.865
3.114
5.935
8.693
10.720
11.807
11.849
10.553
9.216
7.147
4.576
2.299
0.531
0.000
0.000
0.000
0.000
0.000
0.000
0.000
0.000
0.000
0.000
0.117
0.836
2.863
5.517
8.714
11.055
12.977
12.894
12.288
10.741
8.463
5.789
2.884
0.700
0.000
0.000
0.000
0.000
0.000
0.000
0.000
0.000
0.000
0.000
0.293
0.968
2.967
5.538
7.878
9.675
10.574
10.553
10.198
8.860
6.583
4.451
2.361
0.564
0.000
0.000
0.000
0.000
0.000
0.000
0.000
0.000
0.000
0.000
0.000
0.403
1.438
3.344
6.604
9.905
11.953
13.082
12.517
11.264
8.986
6.123
3.197
0.844
0.000
0.000
0.000
0.000
0.000
0.000
0.000
0.000
0.000
0.000
0.608
0.988
2.947
5.371
7.857
9.780
10.511
10.219
8.944
7.481
5.245
3.364
1.910
0.545
0.000
0.000
0.000
0.000
0.000
0.000
0.000
0.000
0.000
0.000
0.142
0.905
2.529
4.827
7.021
8.004
7.586
7.711
7.502
7.105
6.081
4.451
2.487
0.675
0.000
0.000
0.000
0.000
0.000
0.000
0.000
0.000
0.000
0.000
0.324
1.009
2.988
5.329
8.296
10.323
12.267
12.831
12.559
11.264
8.902
6.374
3.553
1.093
0.000
0.000
0.000
0.000
0.000
0.000
0.000
0.000
0.000
0.000
0.228
1.298
3.344
5.956
8.401
10.323
11.786
12.141
11.473
10.219
8.087
5.517
2.779
0.706
0.052
0.000
0.000
0.000
0.000
0.000
0.000
0.000
0.000
0.000
0.146
1.018
2.779
5.308
7.899
9.863
10.720
10.678
10.302
8.798
6.771
4.305
2.361
0.688
0.098
0.000
0.000
0.000
0.000
0.000
0.000
0.000
0.000
0.000
0.130
1.158
3.218
5.371
7.816
9.508
10.156
9.947
9.801
8.296
6.395
4.200
2.487
0.777
0.491
0.000
0.000
0.000
0.000
0.000
0.000
0.000
0.000
0.000
0.167
1.517
4.054
7.126
10.093
12.789
13.729
14.210
13.918
12.497
9.989
7.063
3.970
1.302
0.339
0.000
0.000
0.000
0.000
0.000
0.000
0.000
0.000
0.000
0.150
1.108
2.758
4.869
6.520
7.105
7.878
8.484
8.610
7.774
6.269
4.388
2.779
0.867
0.109
0.000
0.000
0.000
0.000
0.000
0.000
0.000
0.000
0.000
0.217
1.666
3.678
6.583
9.174
11.598
13.395
13.959
13.416
12.037
9.466
6.604
3.553
1.170
0.153
0.000
0.000
0.000
0.000
0.000
0.000
0.000
0.000
0.000
0.276
2.004
4.556
7.669
10.720
12.894
14.294
14.712
14.127
12.329
9.843
6.938
3.887
1.356
0.176
0.000
0.000
0.000
0.000
0.000
0.000
0.000
0.000
0.000
0.284
2.006
4.514
7.586
10.240
12.120
12.664
12.538
11.577
9.843
7.920
5.538
3.281
1.258
0.107
0.000
0.000
0.000
0.000
0.000
0.000
0.000
0.000
0.000
0.178
1.024
2.487
4.388
7.481
11.410
13.750
14.419
13.897
12.267
9.780
6.917
3.761
1.235
0.119
0.000
0.000
0.000
0.000
0.000
0.000
0.000
0.000
0.000
0.265
1.599
3.281
5.433
7.230
8.860
9.299
9.278
8.317
6.687
4.785
3.072
1.557
0.487
0.044
0.000
0.000
0.000
0.000
0.000
0.000
0.000
0.000
0.000
0.138
0.656
1.776
3.323
4.702
6.687
8.234
9.320
9.404
7.648
5.580
3.197
1.402
0.439
0.188
0.000
0.000
0.000
0.000
0.000
0.000
0.000
0.000
0.000
0.192
1.143
2.487
4.305
5.684
7.001
7.899
8.463
8.442
7.419
6.290
5.036
3.323
1.523
0.163
0.000
0.000
0.000
0.000
0.000
0.000
0.000
0.000
0.000
0.493
2.361
4.994
8.254
11.013
12.120
12.476
10.846
8.860
6.896
5.329
4.096
2.278
0.919
0.163
0.000
0.000
0.000
0.000
0.000
0.000
0.000
0.000
0.000
0.508
2.257
4.765
7.690
9.801
11.201
11.473
11.410
11.305
10.052
8.401
5.768
3.260
1.218
0.159
0.000
0.000
0.000
0.000
0.000
0.000
0.000
0.000
0.000
0.211
0.942
2.508
4.765
5.893
7.544
8.129
9.132
9.738
8.986
8.401
6.248
3.741
1.603
0.167
0.000
0.000
0.000
0.000
0.000
0.000
0.000
0.000
0.000
0.497
2.090
4.451
6.562
7.836
9.090
9.822
9.968
9.613
8.359
7.021
5.350
3.427
1.569
0.192
0.000
0.000
0.000
0.000
0.000
0.000
0.000
0.000
0.000
0.491
1.847
3.887
6.039
7.899
8.756
9.759
9.634
8.840
7.021
5.224
3.803
2.152
0.892
0.153
0.000
0.000
0.000
0.000
0.000
0.000
0.000
0.000
0.000
0.399
1.208
2.382
3.490
4.681
5.517
6.520
6.562
5.935
4.681
3.448
2.152
1.193
0.485
0.119
0.000
0.000
0.000
0.000
0.000
0.000
0.000
0.000
0.000
0.107
0.374
0.857
1.755
3.009
4.284
5.663
7.544
8.359
7.774
6.060
4.117
2.424
0.878
0.115
0.000
0.000
0.000
0.000
0.000
0.000
0.000
0.000
0.000
0.581
2.361
4.514
6.436
9.111
11.138
12.079
11.619
10.135
6.792
4.765
2.717
1.586
0.556
0.267
0.000
0.000
0.000
0.000
0.000
0.000
0.000
0.000
0.000
0.178
0.738
1.643
3.009
4.974
7.126
9.028
9.529
9.237
8.338
6.792
4.827
2.654
1.070
0.178
0.000
0.000
0.000
0.000
0.000
0.000
0.000
0.000
0.274
0.499
1.831
3.615
4.514
5.475
6.583
6.729
6.457
6.269
5.956
5.036
3.970
2.236
0.970
0.182
0.000
0.000
0.000
0.000
0.000
0.000
0.000
0.000
0.134
0.644
2.215
4.096
5.809
7.147
8.359
9.237
10.365
10.344
9.529
7.607
5.350
3.176
1.381
0.267
0.000
0.000
0.000
0.000
0.000
0.000
0.000
0.000
0.186
0.512
1.682
3.302
5.224
6.917
7.690
8.004
7.084
4.994
3.866
2.487
1.423
0.980
0.430
0.075
0.000
0.000
0.000
0.000
0.000
0.000
0.000
0.000
0.000
0.456
1.298
2.591
4.138
5.224
6.604
7.314
8.547
9.111
7.920
6.875
5.538
3.532
1.691
0.282
0.000
0.000
0.000
0.000
0.000
0.000
0.000
0.000
0.194
0.468
1.344
2.863
4.472
5.977
7.565
8.025
8.254
8.254
7.607
6.206
4.618
2.696
1.145
0.247
0.000
0.000
0.000
0.000
0.000
0.000
0.000
0.000
0.616
0.453
1.467
2.863
4.911
7.607
9.968
11.034
11.180
11.870
10.658
8.756
6.457
3.824
1.638
0.374
0.000
0.000
0.000
0.000
0.000
0.000
0.000
0.000
0.272
0.393
1.212
2.508
4.723
8.087
10.093
10.720
11.117
10.783
9.780
8.965
7.189
4.556
2.236
0.476
0.464
0.000
0.000
0.000
0.000
0.000
0.000
0.000
0.148
0.986
2.863
4.953
7.669
9.696
10.699
11.640
12.434
11.556
10.135
8.484
6.415
4.284
1.998
0.449
0.627
0.000
0.000
0.000
0.000
0.000
0.000
0.000
0.159
0.581
1.337
2.257
2.758
2.926
3.302
3.720
4.012
4.012
3.866
2.988
2.257
1.450
0.717
0.205
0.050
0.000
0.000
0.000
0.000
0.000
0.000
0.000
0.138
0.623
2.194
4.681
6.917
8.129
8.610
9.237
9.801
9.571
8.965
6.792
4.409
2.445
0.986
0.207
1.037
0.000
0.000
0.000
0.000
0.000
0.000
0.000
0.123
0.525
1.801
3.845
6.081
8.798
10.741
12.517
13.040
12.706
11.577
9.801
7.251
4.535
2.132
0.535
0.299
0.000
0.000
0.000
0.000
0.000
0.000
0.000
0.123
0.924
2.549
4.514
6.917
8.129
9.216
9.508
9.174
8.547
7.356
6.457
4.535
2.529
1.089
0.290
0.000
0.000
0.000
0.000
0.000
0.000
0.000
0.000
0.036
0.219
0.587
1.110
1.657
2.466
3.678
5.663
8.129
9.237
9.905
8.234
6.395
4.096
2.054
0.518
1.277
0.000
0.000
0.000
0.000
0.000
0.000
0.000
0.132
0.945
2.591
4.242
5.935
7.210
9.028
10.365
9.947
9.320
8.108
6.833
4.994
3.469
2.073
0.522
0.010
0.000
0.000
0.000
0.000
0.000
0.000
0.000
0.136
0.993
2.633
4.827
6.812
7.105
7.669
8.819
9.884
9.884
8.631
8.192
6.415
4.117
2.111
0.510
0.052
0.000
0.000
0.000
0.000
0.000
0.000
0.000
0.136
1.055
2.654
4.765
7.398
9.738
10.804
11.201
11.995
11.953
10.867
8.756
6.708
4.221
2.017
0.566
0.249
0.000
0.000
0.000
0.000
0.000
0.000
0.000
0.088
0.625
1.672
3.114
4.514
6.123
6.959
7.523
7.544
7.168
6.708
5.789
4.409
2.591
1.266
0.355
0.046
0.000
0.000
0.000
0.000
0.000
0.000
0.000
0.109
0.777
2.025
3.782
5.851
7.565
8.902
9.299
9.278
9.028
8.568
7.210
5.412
3.511
1.793
0.560
0.226
0.000
0.000
0.000
0.000
0.000
0.000
0.000
0.113
0.769
1.977
3.385
5.162
6.415
7.084
6.917
6.896
5.956
5.287
4.827
4.576
3.385
1.941
0.543
0.324
0.000
0.000
0.000
0.000
0.000
0.000
0.000
0.125
0.754
2.046
3.699
5.726
6.812
7.481
7.210
6.290
5.726
5.078
4.368
3.594
2.696
1.528
0.518
0.117
0.000
0.000
0.000
0.000
0.000
0.000
0.000
0.144
0.817
2.152
3.887
5.580
7.419
9.069
9.989
9.926
9.529
9.362
8.192
6.269
4.200
2.424
0.819
0.130
0.000
0.000
0.000
0.000
0.000
0.000
0.000
0.178
1.137
2.738
4.785
7.042
8.819
10.449
11.786
12.225
10.490
7.816
5.454
3.302
2.019
1.120
0.351
0.067
0.000
0.000
0.000
0.000
0.000
0.000
0.000
0.169
1.164
2.800
4.827
7.021
8.672
9.759
10.741
11.159
10.867
10.365
8.923
6.687
4.347
2.340
0.759
0.138
0.000
0.000
0.000
0.000
0.000
0.000
0.000
0.092
0.585
1.394
2.111
2.821
3.532
4.054
5.371
6.708
8.025
8.819
8.171
6.708
4.597
2.466
0.842
0.084
0.000
0.000
0.000
0.000
0.000
0.000
0.000
0.215
1.298
3.155
5.350
7.398
8.923
10.532
11.556
11.786
11.828
10.344
7.941
5.224
2.863
1.350
0.414
0.025
0.000
0.000
0.000
0.000
0.000
0.000
0.000
0.159
0.234
0.558
1.089
1.818
2.654
3.782
5.099
5.830
7.001
7.251
6.666
5.642
4.535
2.570
0.853
0.205
0.000
0.000
0.000
0.000
0.000
0.000
0.000
0.247
1.220
2.675
4.827
7.084
8.129
7.795
8.819
8.401
6.102
3.970
2.842
2.278
1.534
0.602
0.180
0.142
0.000
0.000
0.000
0.000
0.000
0.000
0.000
0.148
0.428
0.980
1.803
2.549
3.678
4.639
5.684
6.938
7.627
8.881
7.648
5.997
3.866
1.943
0.660
0.115
0.000
0.000
0.000
0.000
0.000
0.000
0.000
0.203
1.172
2.863
5.183
7.168
8.631
9.926
10.658
11.243
11.076
10.762
9.174
7.105
4.765
2.508
0.972
0.159
0.000
0.000
0.000
0.000
0.000
0.000
0.000
0.257
1.314
3.093
5.120
7.836
10.365
12.329
13.291
14.147
13.750
12.308
10.177
7.586
4.576
2.361
0.823
0.242
0.000
0.000
0.000
0.000
0.000
0.000
0.000
0.171
0.662
1.425
2.988
5.371
7.105
8.568
9.675
10.302
9.738
8.881
8.401
6.332
4.576
2.591
0.907
0.201
0.000
0.000
0.000
0.000
0.000
0.000
0.000
0.282
1.394
3.218
5.266
7.544
9.655
10.386
11.493
12.079
11.682
10.867
9.195
7.084
4.681
2.779
1.110
0.115
0.000
0.000
0.000
0.000
0.000
0.000
0.000
0.284
1.421
3.218
5.433
8.108
10.720
12.079
12.998
13.646
12.894
12.120
10.261
7.878
5.203
2.821
1.068
0.192
0.000
0.000
0.000
0.000
0.000
0.000
0.000
0.272
1.423
3.323
5.621
8.254
10.198
10.010
9.905
9.362
8.840
7.857
6.771
5.162
3.511
2.111
0.828
0.249
0.000
0.000
0.000
0.000
0.000
0.000
0.000
0.261
1.323
3.093
5.266
7.251
8.463
8.505
8.380
8.526
8.338
8.004
7.419
6.186
4.263
2.403
0.907
0.144
0.000
0.000
0.000
0.000
0.000
0.000
0.000
0.209
1.089
2.612
4.326
6.687
8.840
10.470
11.556
12.162
12.308
11.953
10.532
8.150
5.350
2.947
1.110
0.132
0.000
0.000
0.000
0.000
0.000
0.000
0.000
0.280
1.204
2.926
5.162
7.774
10.281
12.664
13.750
14.335
13.332
11.911
9.696
7.293
4.660
2.466
0.886
0.121
0.000
0.000
0.000
0.000
0.000
0.000
0.000
0.326
1.080
2.320
3.887
5.663
7.711
8.986
9.278
8.631
7.878
5.956
4.660
3.281
1.885
0.984
0.387
0.153
0.000
0.000
0.000
0.000
0.000
0.000
0.000
0.081
0.251
0.646
1.306
2.006
2.926
3.929
4.493
5.036
5.391
5.287
4.472
3.155
1.920
0.984
0.362
0.142
0.000
0.000
0.000
0.000
0.000
0.000
0.000
0.115
0.543
1.279
2.278
3.427
4.326
5.580
6.645
6.729
6.290
5.684
4.953
3.866
2.738
1.521
0.654
0.088
0.000
0.000
0.000
0.000
0.000
0.000
0.000
0.219
0.974
2.340
4.117
6.415
8.589
10.281
11.744
10.971
9.926
8.693
7.523
6.018
3.991
2.278
0.911
0.111
0.000
0.000
0.000
0.000
0.000
0.000
0.000
0.178
0.800
1.973
3.741
5.893
8.693
10.637
11.389
10.825
10.595
9.362
7.816
6.123
3.908
2.090
0.800
0.207
0.000
0.000
0.000
0.000
0.000
0.000
0.000
0.215
0.836
1.806
2.779
3.991
5.329
6.186
7.126
8.275
8.087
7.105
5.872
4.033
2.905
1.528
0.639
0.132
0.000
0.000
0.000
0.000
0.000
0.000
0.000
0.209
1.070
2.508
4.179
6.624
8.902
10.490
11.932
12.099
11.619
10.302
8.422
6.520
4.033
2.361
0.968
0.138
0.000
0.000
0.000
0.000
0.000
0.000
0.000
0.278
1.156
2.403
4.096
5.663
6.687
7.711
8.735
9.613
9.404
8.902
7.732
6.039
3.866
2.111
0.767
0.134
0.000
0.000
0.000
0.000
0.000
0.000
0.000
0.182
0.631
1.571
2.487
3.594
4.618
4.869
4.994
4.890
5.078
5.036
5.099
4.326
2.967
1.854
0.792
0.121
0.000
0.000
0.000
0.000
0.000
0.000
0.000
0.209
0.761
1.843
3.344
5.141
7.460
8.672
9.299
9.675
9.299
8.651
7.460
5.830
3.845
2.111
0.673
0.115
0.000
0.000
0.000
0.000
0.000
0.000
0.000
0.173
0.677
1.599
2.570
3.908
5.371
6.436
7.042
8.129
8.777
8.860
7.356
5.559
3.720
2.027
0.848
0.140
0.000
0.000
0.000
0.000
0.000
0.000
0.000
0.163
0.848
2.086
3.720
5.684
6.938
7.356
8.045
8.526
9.069
8.860
7.878
6.457
4.472
2.570
1.034
0.184
0.000
0.000
0.000
0.000
0.000
0.000
0.000
0.232
0.970
2.278
4.576
7.293
9.655
11.452
12.058
11.891
10.741
9.341
7.398
4.576
3.114
1.966
0.903
0.134
0.000
0.000
0.000
0.000
0.000
0.000
0.000
0.263
1.260
2.696
4.221
6.165
7.544
9.257
10.219
10.219
10.010
9.320
7.920
6.039
4.221
2.194
0.711
0.088
0.000
0.000
0.000
0.000
0.000
0.000
0.000
0.182
0.756
1.484
2.633
4.138
5.600
6.980
7.836
8.442
7.481
6.415
5.559
4.347
3.427
2.071
0.869
0.142
0.000
0.000
0.000
0.000
0.000
0.000
0.000
0.236
1.248
3.009
5.224
7.774
9.634
10.846
11.389
10.992
10.887
10.052
8.401
6.290
4.054
2.382
0.851
0.123
0.000
0.000
0.000
0.000
0.000
0.000
0.000
0.096
0.512
1.312
2.278
3.448
4.221
4.576
4.702
5.642
7.021
8.004
7.293
5.287
3.950
2.612
1.005
0.136
0.000
0.000
0.000
0.000
0.000
0.000
0.000
0.205
1.283
2.863
4.660
6.478
8.150
10.114
11.598
12.288
12.413
11.577
9.759
7.251
4.785
2.487
0.919
0.113
0.000
0.000
0.000
0.000
0.000
0.000
0.000
0.217
1.189
2.905
5.036
7.690
10.616
12.601
13.353
14.210
13.291
12.183
10.553
7.962
5.141
2.633
1.089
0.190
0.000
0.000
0.000
0.000
0.000
0.000
0.000
0.186
1.076
2.612
4.785
6.833
9.028
9.571
9.299
9.759
9.195
8.798
7.293
5.433
3.594
2.111
0.771
0.130
0.000
0.000
0.000
0.000
0.000
0.000
0.000
0.259
0.961
2.320
3.469
4.179
4.639
4.138
5.308
5.600
6.395
6.729
5.935
4.639
3.427
2.257
0.972
0.142
0.000
0.000
0.000
0.000
0.000
0.000
0.000
0.232
1.268
3.051
5.350
8.045
10.741
12.726
13.876
13.583
11.911
10.240
8.651
6.081
3.991
2.048
0.731
0.079
0.000
0.000
0.000
0.000
0.000
0.000
0.000
0.125
0.596
1.703
3.135
4.723
6.750
9.257
11.076
12.308
12.852
11.661
9.822
7.816
5.162
3.051
1.151
0.199
0.000
0.000
0.000
0.000
0.000
0.000
0.000
0.219
1.185
2.090
2.529
3.093
4.284
5.412
7.230
8.631
9.425
8.923
7.356
6.436
4.576
2.466
1.055
0.125
0.000
0.000
0.000
0.000
0.000
0.000
0.000
0.249
1.120
2.884
4.723
6.562
7.669
7.586
7.857
7.502
7.439
6.645
6.227
4.765
3.093
1.536
0.487
0.067
0.000
0.000
0.000
0.000
0.000
0.000
0.000
0.140
0.600
1.314
2.173
3.761
5.768
6.980
8.171
9.968
10.302
10.198
8.317
6.395
4.263
2.194
0.805
0.094
0.000
0.000
0.000
0.000
0.000
0.000
0.000
0.081
0.489
1.358
2.779
4.033
4.974
5.099
5.747
6.436
6.604
7.711
6.833
6.039
3.741
2.194
0.867
0.123
0.000
0.000
0.000
0.000
0.000
0.000
0.000
0.186
1.082
2.821
5.036
7.210
9.111
10.532
11.556
12.371
12.559
11.828
10.052
7.857
5.329
2.821
1.053
0.111
0.000
0.000
0.000
0.000
0.000
0.000
0.000
0.138
0.980
2.466
4.493
6.938
9.153
11.076
12.831
13.479
13.123
11.891
9.466
6.478
3.553
1.530
0.426
0.186
0.000
0.000
0.000
0.000
0.000
0.000
0.000
0.094
0.903
2.403
4.096
6.248
7.878
9.655
11.076
11.034
10.093
8.672
7.210
5.120
3.114
1.461
0.518
0.393
0.000
0.000
0.000
0.000
0.000
0.000
0.000
0.036
0.426
1.202
2.382
3.490
4.451
5.454
6.206
6.938
7.001
6.792
5.684
4.409
2.947
1.475
0.491
0.184
0.000
0.000
0.000
0.000
0.000
0.000
0.000
0.079
0.265
0.692
1.283
2.090
2.487
2.800
3.009
3.511
3.908
3.761
3.176
2.445
1.705
0.955
0.370
0.073
0.000
0.000
0.000
0.000
0.000
0.000
0.000
0.073
0.426
1.158
2.111
2.696
3.469
4.159
4.827
5.830
6.332
6.562
5.412
3.991
2.361
1.302
0.466
0.190
0.000
0.000
0.000
0.000
0.000
0.000
0.000
0.054
0.481
1.394
2.696
4.284
6.018
7.857
9.111
10.031
10.240
9.655
8.234
6.102
3.970
2.173
0.815
0.153
0.000
0.000
0.000
0.000
0.000
0.000
0.000
0.094
0.648
1.751
3.114
4.702
6.374
7.962
8.756
9.132
9.341
8.296
6.875
4.890
3.155
1.709
0.598
0.186
0.000
0.000
0.000
0.000
0.000
0.000
0.000
0.107
0.529
1.402
2.591
4.284
5.893
7.084
8.819
9.884
9.571
8.986
8.004
6.290
4.556
2.403
0.844
0.119
0.000
0.000
0.000
0.000
0.000
0.000
0.000
0.111
0.905
2.529
4.618
7.147
9.278
10.867
11.702
11.995
11.096
10.072
8.129
5.705
3.385
1.843
0.642
0.098
0.000
0.000
0.000
0.000
0.000
0.000
0.000
0.253
0.249
1.172
3.197
5.663
8.547
10.532
11.013
10.971
11.264
11.076
9.759
7.648
4.848
2.529
0.819
0.136
0.000
0.000
0.000
0.000
0.000
0.000
0.000
0.115
0.458
1.160
2.320
3.782
5.099
5.517
5.120
4.974
4.869
4.368
4.159
3.594
2.466
1.622
0.566
0.104
0.000
0.000
0.000
0.000
0.000
0.000
0.000
0.113
0.759
2.058
3.824
5.935
7.690
9.341
9.529
9.717
9.508
8.547
7.126
5.329
3.323
1.611
0.502
0.669
0.000
0.000
0.000
0.000
0.000
0.000
0.000
0.251
0.610
1.851
3.344
4.827
5.371
5.935
6.520
6.604
6.165
5.768
5.621
4.974
3.866
2.340
0.805
0.119
0.000
0.000
0.000
0.000
0.000
0.000
0.000
0.102
0.800
2.173
3.657
5.078
6.541
7.732
8.401
8.025
7.105
7.168
6.353
4.556
2.758
1.434
0.499
0.150
0.000
0.000
0.000
0.000
0.000
0.000
0.000
0.138
0.514
1.208
2.090
2.800
3.072
3.135
3.030
3.093
2.884
2.529
2.035
1.542
0.978
0.568
0.226
0.192
0.000
0.000
0.000
0.000
0.000
0.000
0.000
0.316
0.531
1.914
4.179
6.499
8.338
9.487
9.759
9.989
9.404
8.735
7.669
6.436
4.138
2.006
0.637
0.199
0.000
0.000
0.000
0.000
0.000
0.000
0.000
0.096
0.719
1.707
2.549
3.072
3.448
3.260
3.135
3.176
3.135
2.947
3.030
2.445
1.548
0.840
0.234
0.161
0.000
0.000
0.000
0.000
0.000
0.000
0.000
0.000
0.301
1.114
2.236
3.678
4.409
5.329
5.977
5.851
5.141
4.806
3.741
2.884
1.605
0.759
0.207
0.046
0.000
0.000
0.000
0.000
0.000
0.000
0.000
0.575
0.447
1.580
2.926
4.138
4.953
5.684
6.374
7.377
7.481
7.523
6.332
4.681
3.218
1.787
0.533
0.414
0.000
0.000
0.000
0.000
0.000
0.000
0.000
0.232
0.619
2.111
4.200
6.102
7.314
7.021
6.980
7.774
8.275
7.210
6.060
4.869
3.093
1.695
0.506
0.857
0.000
0.000
0.000
0.000
0.000
0.000
0.000
1.392
0.518
1.906
3.970
5.914
7.147
7.857
8.359
9.362
9.550
8.777
7.899
6.415
4.326
2.299
0.667
1.868
0.000
0.000
0.000
0.000
0.000
0.000
0.000
0.236
0.665
2.215
4.409
6.980
9.550
9.863
10.323
10.741
10.302
9.425
7.732
5.997
3.824
1.847
0.428
0.000
0.000
0.000
0.000
0.000
0.000
0.000
0.000
0.263
0.608
2.052
3.908
5.600
7.544
9.195
9.780
9.069
8.631
7.711
6.332
5.036
3.448
1.845
0.504
0.044
0.000
0.000
0.000
0.000
0.000
0.000
0.000
1.814
0.560
1.519
3.072
5.078
7.816
10.010
10.741
11.222
11.326
10.574
9.278
6.917
3.741
1.697
0.320
0.000
0.000
0.000
0.000
0.000
0.000
0.000
0.000
0.000
0.508
1.701
3.155
4.806
6.353
7.502
8.463
8.275
8.150
7.565
6.499
4.806
2.988
1.486
0.493
0.048
0.000
0.000
0.000
0.000
0.000
0.000
0.000
0.000
0.520
1.810
3.573
5.517
7.210
7.627
7.669
7.795
7.377
6.875
6.144
4.597
2.821
1.335
0.274
0.000
0.000
0.000
0.000
0.000
0.000
0.000
0.000
0.000
0.305
1.411
2.988
4.639
5.935
6.917
7.021
6.206
5.308
4.388
3.239
2.090
1.243
0.685
0.201
0.000
0.000
0.000
0.000
0.000
0.000
0.000
0.000
0.000
0.303
1.028
2.173
3.490
5.036
5.997
7.460
8.735
9.675
9.320
8.442
6.436
4.179
2.077
0.535
0.000
0.000
0.000
0.000
0.000
0.000
0.000
0.000
0.000
0.493
1.923
3.866
6.290
8.902
9.320
10.052
10.156
9.174
7.753
6.018
4.368
2.779
1.404
0.320
0.000
0.000
0.000
0.000
0.000
0.000
0.000
0.000
0.000
0.372
1.597
3.741
6.604
9.592
11.243
11.786
11.932
11.619
10.323
8.923
6.624
3.866
1.768
0.339
0.000
0.000
0.000
0.000
0.000
0.000
0.000
0.000
0.000
0.374
1.605
3.385
5.663
8.087
9.362
9.592
8.923
8.902
7.774
6.645
4.932
2.926
1.273
0.211
0.000
0.000
0.000
0.000
0.000
0.000
0.000
0.000
0.000
0.313
1.124
2.236
3.344
4.242
4.932
5.559
5.997
6.792
6.833
6.311
5.162
3.344
1.670
0.364
0.000
0.000
0.000
0.000
0.000
0.000
0.000
0.000
0.000
0.278
1.231
2.842
4.388
5.872
6.666
7.147
7.565
7.042
5.956
4.618
3.302
2.111
1.147
0.347
0.000
0.000
0.000
0.000
0.000
0.000
0.000
0.000
0.000
0.251
1.199
2.738
5.141
7.648
9.383
9.404
9.278
9.383
8.568
7.502
5.600
3.636
1.446
0.236
0.000
0.000
0.000
0.000
0.000
0.000
0.000
0.000
0.000
0.228
0.934
1.858
2.800
3.761
3.803
3.406
3.490
4.075
3.887
3.553
2.570
1.202
0.410
0.040
0.000
0.000
0.000
0.000
0.000
0.000
0.000
0.000
0.000
0.056
0.290
0.673
1.239
1.954
2.696
3.030
3.155
2.821
2.591
2.570
1.636
0.936
0.453
0.140
0.000
0.000
0.000
0.000
0.000
0.000
0.000
0.000
0.000
0.165
1.287
3.532
6.332
8.902
9.905
9.884
9.028
8.025
7.168
6.499
5.308
3.218
1.444
0.182
0.000
0.000
0.000
0.000
0.000
0.000
0.000
0.000
0.000
0.238
1.538
3.239
5.726
7.962
8.840
8.234
7.335
6.624
5.747
4.409
3.176
1.985
0.865
0.163
0.000
0.000
0.000
0.000
0.000
0.000
0.000
0.000
0.000
0.236
1.381
3.406
6.332
9.216
10.553
9.508
8.651
7.732
6.415
5.433
3.950
2.591
1.193
0.222
0.000
0.000
0.000
0.000
0.000
0.000
0.000
0.000
0.000
0.127
0.746
1.795
3.030
4.117
4.597
4.869
5.057
5.141
4.493
3.845
2.717
1.672
0.773
0.184
0.000
0.000
0.000
0.000
0.000
0.000
0.000
0.000
0.000
0.194
1.296
3.176
5.329
6.645
7.230
6.854
6.457
5.203
3.761
2.654
1.751
0.936
0.372
0.403
0.000
0.000
0.000
0.000
0.000
0.000
0.000
0.000
0.000
0.100
0.685
1.703
3.072
4.159
5.099
5.559
5.287
5.308
4.723
3.845
2.758
1.551
0.537
0.077
0.000
0.000
0.000
0.000
0.000
0.000
0.000
0.000
0.000
0.117
0.715
1.847
3.385
4.702
5.830
6.395
7.210
7.398
6.792
5.851
4.221
2.299
0.863
0.545
0.000
0.000
0.000
0.000
0.000
0.000
0.000
0.000
0.000
0.173
1.091
2.633
4.785
6.959
8.881
10.135
10.637
9.696
8.338
6.436
4.033
1.937
0.522
2.215
0.000
0.000
0.000
0.000
0.000
0.000
0.000
0.000
0.000
0.232
1.298
2.675
4.284
5.580
6.604
6.938
6.917
7.126
6.645
5.559
4.179
2.591
0.961
0.184
0.000
0.000
0.000
0.000
0.000
0.000
0.000
0.000
0.000
0.211
0.637
1.540
2.340
3.072
3.636
3.970
4.576
4.242
4.200
3.469
2.445
1.377
0.631
0.257
0.000
0.000
0.000
0.000
0.000
0.000
0.000
0.000
0.000
0.150
1.442
3.406
5.224
6.102
6.332
5.350
4.451
3.803
3.218
2.675
2.194
1.448
0.487
1.360
0.000
0.000
0.000
0.000
0.000
0.000
0.000
0.000
0.000
0.134
0.345
1.026
2.361
3.385
4.702
5.580
6.060
7.126
7.648
6.395
4.827
2.738
0.911
1.103
0.000
0.000
0.000
0.000
0.000
0.000
0.000
0.000
0.000
0.148
0.836
2.111
3.908
6.039
7.230
8.045
8.066
8.986
8.714
7.314
5.224
2.842
0.905
0.171
0.000
0.000
0.000
0.000
0.000
0.000
0.000
0.000
0.000
0.132
1.511
3.699
6.123
8.714
9.571
10.135
10.114
10.072
8.923
7.251
4.890
2.487
0.721
0.222
0.000
0.000
0.000
0.000
0.000
0.000
0.000
0.000
0.000
0.136
0.800
2.633
5.120
7.836
9.048
9.383
8.463
6.812
5.308
4.054
2.863
1.741
0.468
0.000
0.000
0.000
0.000
0.000
0.000
0.000
0.000
0.000
0.000
1.097
0.621
1.887
3.636
4.911
5.454
5.162
4.409
3.782
3.364
2.549
1.774
0.938
0.255
0.000
0.000
0.000
0.000
0.000
0.000
0.000
0.000
0.000
0.000
0.000
0.194
0.606
1.137
1.613
2.152
2.633
2.967
3.009
2.947
2.382
1.772
1.047
0.389
0.000
0.000
0.000
0.000
0.000
0.000
0.000
0.000
0.000
0.000
0.111
0.648
2.132
3.950
6.269
7.711
8.192
8.087
7.962
7.272
5.830
4.054
1.885
0.585
0.000
0.000
0.000
0.000
0.000
0.000
0.000
0.000
0.000
0.000
0.182
1.011
2.988
5.057
7.314
8.547
8.254
7.356
6.687
6.144
4.994
3.385
1.711
0.393
0.000
0.000
0.000
0.000
0.000
0.000
0.000
0.000
0.000
0.000
0.088
0.669
1.906
3.782
5.956
6.854
6.227
5.642
4.785
3.908
3.009
2.048
0.961
0.228
0.000
0.000
0.000
0.000
0.000
0.000
0.000
0.000
0.000
0.000
0.150
0.562
1.770
3.490
5.559
6.353
5.747
5.559
5.224
4.597
3.866
2.800
1.607
0.364
0.000
0.000
0.000
0.000
0.000
0.000
0.000
0.000
0.000
0.000
0.619
0.562
1.701
3.218
4.827
5.893
6.081
6.604
6.415
6.102
4.890
3.469
2.152
0.495
0.000
0.000
0.000
0.000
0.000
0.000
0.000
0.000
0.000
0.000
0.263
1.057
3.260
6.018
8.693
10.449
11.891
12.726
12.497
10.929
8.442
5.559
2.717
0.456
0.000
0.000
0.000
0.000
0.000
0.000
0.000
0.000
0.000
0.000
0.393
0.928
3.009
5.391
7.481
8.150
9.090
9.550
9.613
8.463
6.624
4.409
2.257
0.443
0.000
0.000
0.000
0.000
0.000
0.000
0.000
0.000
0.000
0.000
0.000
0.464
1.609
2.842
4.033
5.078
5.768
6.165
6.165
5.642
4.493
3.030
1.396
0.244
0.000
0.000
0.000
0.000
0.000
0.000
0.000
0.000
0.000
0.000
0.000
0.303
1.133
2.549
4.263
5.977
6.457
6.478
6.624
6.562
5.036
3.406
1.645
0.249
0.000
0.000
0.000
0.000
0.000
0.000
0.000
0.000
0.000
0.000
0.000
0.667
2.529
5.224
8.171
10.219
11.640
12.183
11.953
10.532
8.213
5.308
2.445
0.224
0.000
0.000
0.000
0.000
0.000
0.000
0.000
0.000
0.000
0.000
0.000
0.855
2.821
5.266
7.669
9.237
9.947
10.177
9.341
7.732
5.350
2.967
1.047
0.117
0.000
0.000
0.000
0.000
0.000
0.000
0.000
0.000
0.000
0.000
0.000
0.173
0.919
2.132
4.096
6.290
8.171
8.735
9.174
7.878
6.206
4.221
2.052
0.201
0.000
0.000
0.000
0.000
0.000
0.000
0.000
0.000
0.000
0.000
0.000
0.499
1.916
3.929
5.997
7.063
7.439
7.272
6.499
5.559
4.012
2.675
1.187
0.140
0.000
0.000
0.000
0.000
0.000
0.000
0.000
0.000
0.000
0.000
0.000
0.280
1.162
2.340
3.364
4.911
5.642
5.893
5.412
4.075
3.176
1.973
0.788
0.100
0.000
0.000
0.000
0.000
0.000
0.000
0.000
0.000
0.000
0.000
0.000
0.165
0.805
1.856
3.281
4.723
6.395
7.377
7.586
6.123
3.970
2.382
0.947
0.121
0.000
0.000
0.000
0.000
0.000
0.000
0.000
0.000
0.000
0.000
0.000
0.303
1.528
3.176
4.576
4.890
4.848
4.869
4.409
3.427
2.549
1.578
0.644
0.150
0.000
0.000
0.000
0.000
0.000
0.000
0.000
0.000
0.000
0.000
0.000
0.506
2.466
5.036
7.314
8.401
8.422
8.066
7.272
6.248
4.660
2.570
0.888
0.161
0.000
0.000
0.000
0.000
0.000
0.000
0.000
0.000
0.000
0.000
0.000
0.316
1.498
3.135
5.099
6.917
7.648
7.481
6.938
6.123
4.263
2.361
0.938
0.230
0.000
0.000
0.000
0.000
0.000
0.000
0.000
0.000
0.000
0.000
0.000
0.376
1.996
4.409
7.356
9.675
10.971
10.658
9.487
7.836
5.600
3.636
1.275
0.146
0.000
0.000
0.000
0.000
0.000
0.000
0.000
0.000
0.000
0.000
0.000
0.382
2.010
4.284
6.332
7.711
8.192
7.460
6.854
5.371
3.824
2.236
0.635
0.000
0.000
0.000
0.000
0.000
0.000
0.000
0.000
0.000
0.000
0.000
0.000
0.211
0.706
1.317
1.929
2.403
2.821
3.176
3.699
3.970
3.699
2.591
1.105
0.134
0.000
0.000
0.000
0.000
0.000
0.000
0.000
0.000
0.000
0.000
0.000
0.186
1.131
2.549
4.033
5.391
5.977
5.851
6.081
5.872
4.848
3.260
1.062
0.000
0.000
0.000
0.000
0.000
0.000
0.000
0.000
0.000
0.000
0.000
0.000
0.430
2.654
5.266
7.126
8.108
8.066
7.272
5.851
4.785
3.594
1.557
0.416
0.000
0.000
0.000
0.000
0.000
0.000
0.000
0.000
0.000
0.000
0.000
0.000
0.201
1.542
3.991
6.687
8.359
9.717
9.362
7.962
6.666
5.141
3.030
0.859
0.000
0.000
0.000
0.000
0.000
0.000
0.000
0.000
0.000
0.000
0.000
0.000
0.303
2.257
5.266
7.920
9.613
9.320
9.278
9.132
7.607
5.559
3.155
0.963
0.000
0.000
0.000
0.000
0.000
0.000
0.000
0.000
0.000
0.000
0.000
0.000
0.293
2.173
4.597
7.419
9.508
10.177
9.717
8.881
7.314
5.538
3.009
0.821
0.000
0.000
0.000
0.000
0.000
0.000
0.000
0.000
0.000
0.000
0.000
0.000
0.238
2.008
4.535
7.607
9.383
10.490
10.449
10.261
8.986
6.624
3.615
0.874
0.000
0.000
0.000
0.000
0.000
0.000
0.000
0.000
0.000
0.000
0.000
0.000
0.253
1.948
4.472
7.126
9.111
9.947
11.368
11.076
9.299
6.583
3.573
0.890
0.000
0.000
0.000
0.000
0.000
0.000
0.000
0.000
0.000
0.000
0.000
0.000
0.272
1.881
4.347
6.875
8.986
10.511
11.138
10.574
8.610
5.851
2.967
0.616
0.000
0.000
0.000
0.000
0.000
0.000
0.000
0.000
0.000
0.000
0.000
0.000
0.203
1.956
4.681
7.481
10.156
11.284
11.953
11.410
9.508
6.917
3.699
0.744
0.000
0.000
0.000
0.000
0.000
0.000
0.000
0.000
0.000
0.000
0.000
0.000
0.173
1.711
4.117
6.687
8.693
10.240
11.535
11.243
9.446
6.771
3.553
0.656
0.000
0.000
0.000
0.000
0.000
0.000
0.000
0.000
0.000
0.000
0.000
0.000
0.157
1.605
4.117
7.523
9.738
11.410
11.807
11.159
9.174
6.436
3.302
0.529
0.000
0.000
0.000
0.000
0.000
0.000
0.000
0.000
0.000
0.000
0.000
0.000
0.167
0.880
2.278
3.887
4.994
5.475
5.977
5.997
5.036
3.741
1.663
0.284
0.000
0.000
0.000
0.000
0.000
0.000
0.000
0.000
0.000
0.000
0.000
0.000
0.125
1.216
3.469
5.977
7.857
8.693
9.048
8.087
6.353
4.012
1.576
0.186
0.000
0.000
0.000
0.000
0.000
0.000
0.000
0.000
0.000
0.000
0.000
0.000
0.042
0.213
0.577
1.014
1.513
2.040
2.000
1.785
1.494
0.934
0.368
0.159
0.000
0.000
0.000
0.000
0.000
0.000
0.000
0.000
0.000
0.000
0.000
0.000
0.046
0.562
1.402
2.403
3.741
4.827
4.890
4.326
3.636
2.320
1.170
0.215
0.000
0.000
0.000
0.000
0.000
0.000
0.000
0.000
0.000
0.000
0.000
0.000
0.079
0.380
1.091
1.787
2.445
2.884
3.406
3.281
2.988
2.278
1.231
0.247
0.000
0.000
0.000
0.000
0.000
0.000
0.000
0.000
0.000
0.000
0.000
0.000
0.182
1.615
4.117
6.792
8.923
9.592
8.171
6.687
4.994
3.197
1.354
0.205
0.000
0.000
0.000
0.000
0.000
0.000
0.000
0.000
0.000
0.000
0.000
0.000
0.272
1.423
3.824
6.624
8.840
9.843
9.257
7.648
5.433
3.532
1.509
0.096
0.000
0.000
0.000
0.000
0.000
0.000
0.000
0.000
0.000
0.000
0.000
0.000
0.155
1.005
2.508
3.908
4.514
4.681
4.430
3.991
3.114
1.918
0.811
0.224
0.000
0.000
0.000
0.000
0.000
0.000
0.000
0.000
0.000
0.000
0.000
0.000
0.050
0.717
2.403
4.597
6.123
7.084
7.690
7.314
5.726
3.448
1.166
0.109
0.000
0.000
0.000
0.000
0.000
0.000
0.000
0.000
0.000
0.000
0.000
0.000
0.094
0.978
3.302
5.809
7.126
7.460
7.836
7.544
6.123
3.950
1.482
0.255
0.000
0.000
0.000
0.000
0.000
0.000
0.000
0.000
0.000
0.000
0.000
0.000
0.132
0.886
2.947
4.911
6.206
6.478
5.538
4.033
2.863
1.837
0.685
0.173
0.000
0.000
0.000
0.000
0.000
0.000
0.000
0.000
0.000
0.000
0.000
0.000
0.000
1.080
3.553
6.311
8.025
7.732
6.750
5.705
4.409
2.884
1.105
0.067
0.000
0.000
0.000
0.000
0.000
0.000
0.000
0.000
0.000
0.000
0.000
0.000
0.000
0.481
1.829
3.302
4.514
4.430
4.138
3.678
2.863
1.613
0.614
0.000
0.000
0.000
0.000
0.000
0.000
0.000
0.000
0.000
0.000
0.000
0.000
0.000
0.000
0.190
0.815
1.661
2.487
2.926
2.549
2.299
1.659
1.030
0.389
0.000
0.000
0.000
0.000
0.000
0.000
0.000
0.000
0.000
0.000
0.000
0.000
0.000
0.000
0.259
1.168
2.487
3.469
3.636
3.344
2.654
2.052
1.256
0.531
0.000
0.000
0.000
0.000
0.000
0.000
0.000
0.000
0.000
0.000
0.000
0.000
0.000
0.000
0.293
1.014
2.014
2.884
3.323
3.511
3.281
2.236
1.371
0.456
0.000
0.000
0.000
0.000
0.000
0.000
0.000
0.000
0.000
0.000
0.000
0.000
0.000
0.000
0.301
1.252
2.257
3.344
4.054
4.138
3.887
2.988
1.739
0.499
0.000
0.000
0.000
0.000
0.000
0.000
0.000
0.000
0.000
0.000
0.000
0.000
0.000
0.000
0.654
2.529
4.660
6.875
8.359
8.547
7.147
5.371
2.779
0.763
0.000
0.000
0.000
0.000
0.000
0.000
0.000
0.000
0.000
0.000
0.000
0.000
0.000
0.000
0.084
0.449
1.005
1.569
2.529
2.675
2.403
1.760
0.942
0.280
0.000
0.000
0.000
0.000
0.000
0.000
0.000
0.000
0.000
0.000
0.000
0.000
0.000
0.000
0.301
1.597
2.340
3.427
3.761
4.221
3.887
3.218
2.173
0.694
0.000
0.000
0.000
0.000
0.000
0.000
0.000
0.000
0.000
0.000
0.000
0.000
0.000
0.000
0.228
0.842
1.810
2.696
3.030
2.466
1.948
1.291
0.698
0.180
0.000
0.000
0.000
0.000
0.000
0.000
0.000
0.000
0.000
0.000
0.000
0.000
0.000
0.000
0.069
0.397
0.947
1.314
1.806
1.952
1.989
2.173
1.780
0.625
0.000
0.000
0.000
0.000
0.000
0.000
0.000
0.000
0.000
0.000
0.000
0.000
0.000
0.000
0.558
1.849
3.741
5.872
7.272
7.189
5.914
4.326
2.633
0.637
0.000
0.000
0.000
0.000
0.000
0.000
0.000
0.000
0.000
0.000
0.000
0.000
0.000
0.000
0.313
1.969
3.991
5.203
5.872
5.872
5.705
4.263
2.173
0.336
0.000
0.000
0.000
0.000
0.000
0.000
0.000
0.000
0.000
0.000
0.000
0.000
0.000
0.000
0.134
0.667
1.436
2.654
3.741
4.221
3.636
2.382
1.001
0.196
0.000
0.000
0.000
0.000
0.000
0.000
0.000
0.000
0.000
0.000
0.000
0.000
0.000
0.000
0.077
0.493
1.557
2.738
3.469
4.221
4.326
3.741
2.320
0.575
0.000
0.000
0.000
0.000
0.000
0.000
0.000
0.000
0.000
0.000
0.000
0.000
0.000
0.000
0.274
0.980
1.688
2.090
2.132
2.278
1.956
1.688
0.917
0.240
0.000
0.000
0.000
0.000
0.000
0.000
0.000
0.000
0.000
0.000
0.000
0.000
0.000
0.000
0.125
0.259
0.667
1.337
2.236
2.633
2.758
1.803
0.819
0.165
0.000
0.000
0.000
0.000
0.000
0.000
0.000
0.000
0.000
0.000
0.000
0.000
0.000
0.000
0.157
0.855
1.741
3.009
4.994
6.457
6.123
4.681
2.466
0.506
0.000
0.000
0.000
0.000
0.000
0.000
0.000
0.000
0.000
0.000
0.000
0.000
0.000
0.000
0.190
1.375
3.114
4.765
5.977
6.353
6.060
4.409
2.236
0.318
0.000
0.000
0.000
0.000
0.000
0.000
0.000
0.000
0.000
0.000
0.000
0.000
0.000
0.000
0.115
0.809
1.858
2.758
3.385
3.636
3.406
2.675
1.408
0.234
0.000
0.000
0.000
0.000
0.000
0.000
0.000
0.000
0.000
0.000
0.000
0.000
0.000
0.000
0.121
0.422
1.103
1.839
1.902
1.726
1.494
1.059
0.527
0.092
0.000
0.000
0.000
0.000
0.000
0.000
0.000
0.000
0.000
0.000
0.000
0.000
0.000
0.000
0.123
0.433
1.124
1.778
2.023
1.870
1.534
1.258
0.583
0.119
0.000
0.000
0.000
0.000
0.000
0.000
0.000
0.000
0.000
0.000
0.000
0.000
0.000
0.000
0.059
0.391
0.746
0.930
1.112
0.911
0.721
0.489
0.332
0.098
0.000
0.000
0.000
0.000
0.000
0.000
0.000
0.000
0.000
0.000
0.000
0.000
0.000
0.000
0.029
0.267
0.633
0.851
1.034
1.074
0.988
0.688
0.393
0.169
0.000
0.000
0.000
0.000
0.000
0.000
0.000
0.000
0.000
0.000
0.000
0.000
0.000
0.000
0.119
0.161
0.368
0.690
1.097
2.152
2.361
2.152
1.398
0.178
0.000
0.000
0.000
0.000
0.000
0.000
0.000
0.000
0.000
0.000
0.000
0.000
0.000
0.000
0.157
0.575
0.857
1.141
1.314
1.007
0.736
0.506
0.240
0.019
0.000
0.000
0.000
0.000
0.000
0.000
0.000
0.000
0.000
0.000
0.000
0.000
0.000
0.000
0.104
0.497
1.402
2.570
1.918
2.173
1.375
1.032
0.395
0.088
0.000
0.000
0.000
0.000
0.000
0.000
0.000
0.000
0.000
0.000
0.000
0.000
0.000
0.000
0.084
0.393
1.037
1.377
1.780
1.743
1.511
1.016
0.322
0.092
0.000
0.000
0.000
0.000
0.000
0.000
0.000
0.000
0.000
0.000
0.000
0.000
0.000
0.000
0.073
0.518
1.469
2.445
2.884
2.445
1.831
1.187
0.535
0.081
0.000
0.000
0.000
0.000
0.000
0.000
0.000
0.000
0.000
0.000
0.000
0.000
0.000
0.000
0.113
1.179
2.926
4.200
4.514
4.200
3.051
1.323
0.347
0.015
0.000
0.000
0.000
0.000
0.000
0.000
0.000
0.000
0.000
0.000
0.000
0.000
0.000
0.000
0.067
1.078
2.215
3.406
4.890
6.332
5.684
3.720
1.632
0.107
0.000
0.000
0.000
0.000
0.000
0.000
0.000
0.000
0.000
0.000
0.000
0.000
0.000
0.000
0.000
0.240
0.717
1.365
1.540
1.388
0.759
0.435
0.192
0.000
0.000
0.000
0.000
0.000
0.000
0.000
0.000
0.000
0.000
0.000
0.000
0.000
0.000
0.000
0.000
0.322
1.076
1.638
1.918
1.948
1.709
1.206
0.389
0.000
0.000
0.000
0.000
0.000
0.000
0.000
0.000
0.000
0.000
0.000
0.000
0.000
0.000
0.000
0.088
0.345
1.645
3.344
3.761
3.866
3.239
1.897
0.537
0.000
0.000
0.000
0.000
0.000
0.000
0.000
0.000
0.000
0.000
0.000
0.000
0.000
0.000
0.000
0.000
0.345
0.809
1.082
1.108
0.963
0.773
0.698
0.433
0.031
0.000
0.000
0.000
0.000
0.000
0.000
0.000
0.000
0.000
0.000
0.000
0.000
0.000
0.000
0.107
0.800
2.257
2.905
3.072
2.633
2.063
1.256
0.535
0.061
0.000
0.000
0.000
0.000
0.000
0.000
0.000
0.000
0.000
0.000
0.000
0.000
0.000
0.000
0.000
0.234
0.815
1.294
1.484
1.548
1.402
1.197
0.430
0.000
0.000
0.000
0.000
0.000
0.000
0.000
0.000
0.000
0.000
0.000
0.000
0.000
0.000
0.000
0.000
0.199
0.892
1.910
3.030
3.887
4.096
2.863
1.018
0.211
0.000
0.000
0.000
0.000
0.000
0.000
0.000
0.000
0.000
0.000
0.000
0.000
0.000
0.000
0.000
0.416
2.361
4.576
6.520
6.875
5.538
3.072
0.809
0.000
0.000
0.000
0.000
0.000
0.000
0.000
0.000
0.000
0.000
0.000
0.000
0.000
0.000
0.000
0.000
0.560
1.870
3.532
4.472
4.744
3.720
1.741
0.650
0.109
0.000
0.000
0.000
0.000
0.000
0.000
0.000
0.000
0.000
0.000
0.000
0.000
0.000
0.000
0.000
0.621
2.215
3.950
4.681
3.950
3.323
1.636
0.399
0.000
0.000
0.000
0.000
0.000
0.000
0.000
0.000
0.000
0.000
0.000
0.000
0.000
0.000
0.000
0.000
0.232
0.671
1.005
1.120
1.312
1.350
1.055
0.378
0.000
0.000
0.000
0.000
0.000
0.000
0.000
0.000
0.000
0.000
0.000
0.000
0.000
0.000
0.000
0.000
0.336
0.957
2.361
3.657
4.138
3.427
2.257
0.706
0.000
0.000
0.000
0.000
0.000
0.000
0.000
0.000
0.000
0.000
0.000
0.000
0.000
0.000
0.000
0.000
0.345
1.601
2.549
3.218
2.779
1.992
1.114
0.334
0.000
0.000
0.000
0.000
0.000
0.000
0.000
0.000
0.000
0.000
0.000
0.000
0.000
0.000
0.000
0.000
0.146
0.685
1.271
1.797
2.111
1.438
0.844
0.249
0.000
0.000
0.000
0.000
0.000
0.000
0.000
0.000
0.000
0.000
0.000
0.000
0.000
0.000
0.000
0.000
0.706
2.445
2.800
1.920
1.147
0.823
0.539
0.222
0.000
0.000
0.000
0.000
0.000
0.000
0.000
0.000
0.000
0.000
0.000
0.000
0.000
0.000
0.000
0.000
0.138
0.451
0.982
1.199
1.294
0.945
0.535
0.155
0.000
0.000
0.000
0.000
0.000
0.000
0.000
0.000
0.000
0.000
0.000
0.000
0.000
0.000
0.000
0.000
0.153
0.543
0.947
1.037
1.118
0.857
0.508
0.132
0.000
0.000
0.000
0.000
0.000
0.000
0.000
0.000
0.000
0.000
0.000
0.000
0.000
0.000
0.000
0.000
0.148
0.604
1.248
2.173
2.633
2.215
1.091
0.293
0.000
0.000
0.000
0.000
0.000
0.000
0.000
0.000
0.000
0.000
0.000
0.000
0.000
0.000
0.000
0.000
0.207
1.488
2.696
3.051
2.800
2.152
1.112
0.263
0.000
0.000
0.000
0.000
0.000
0.000
0.000
0.000
0.000
0.000
0.000
0.000
0.000
0.000
0.000
0.000
0.130
0.366
0.602
0.708
0.794
0.756
0.635
0.180
0.000
0.000
0.000
0.000
0.000
0.000
0.000
0.000
0.000
0.000
0.000
0.000
0.000
0.000
0.000
0.000
0.420
2.278
4.012
4.765
4.221
3.093
1.530
0.437
0.000
0.000
0.000
0.000
0.000
0.000
0.000
0.000
0.000
0.000
0.000
0.000
0.000
0.000
0.000
0.000
0.100
0.508
0.690
0.888
1.003
0.926
0.633
0.209
0.000
0.000
0.000
0.000
0.000
0.000
0.000
0.000
0.000
0.000
0.000
0.000
0.000
0.000
0.000
0.000
0.290
0.857
1.229
1.638
1.461
1.350
0.775
0.217
0.000
0.000
0.000
0.000
0.000
0.000
0.000
0.000
0.000
0.000
0.000
0.000
0.000
0.000
0.000
0.000
0.104
0.531
1.383
2.570
3.030
3.009
2.054
0.614
0.000
0.000
0.000
0.000
0.000
0.000
0.000
0.000
0.000
0.000
0.000
0.000
0.000
0.000
0.000
0.000
0.088
0.614
1.833
3.114
3.636
3.782
2.591
0.656
0.000
0.000
0.000
0.000
0.000
0.000
0.000
0.000
0.000
0.000
0.000
0.000
0.000
0.000
0.000
0.000
0.297
2.111
3.991
5.120
5.099
3.970
2.152
0.483
0.000
0.000
0.000
0.000
0.000
0.000
0.000
0.000
0.000
0.000
0.000
0.000
0.000
0.000
0.000
0.000
0.161
0.627
1.208
1.578
1.638
1.406
0.715
0.165
0.000
0.000
0.000
0.000
0.000
0.000
0.000
0.000
0.000
0.000
0.000
0.000
0.000
0.000
0.000
0.000
0.146
0.499
1.212
1.630
2.090
2.215
1.427
0.428
0.000
0.000
0.000
0.000
0.000
0.000
0.000
0.000
0.000
0.000
0.000
0.000
0.000
0.000
0.000
0.000
0.086
0.234
0.506
0.706
0.736
0.619
0.357
0.119
0.000
0.000
0.000
0.000
0.000
0.000
0.000
0.000
0.000
0.000
0.000
0.000
0.000
0.000
0.000
0.000
0.067
0.433
0.976
1.277
1.147
0.907
0.539
0.203
0.000
0.000
0.000
0.000
0.000
0.000
0.000
0.000
0.000
0.000
0.000
0.000
0.000
0.000
0.000
0.000
0.050
0.364
0.844
1.327
1.413
1.206
0.702
0.236
0.000
0.000
0.000
0.000
0.000
0.000
0.000
0.000
0.000
0.000
0.000
0.000
0.000
0.000
0.000
0.000
0.088
0.240
0.468
0.556
0.522
0.397
0.211
0.077
0.000
0.000
0.000
0.000
0.000
0.000
0.000
0.000
0.000
0.000
0.000
0.000
0.000
0.000
0.000
0.000
0.090
0.489
1.076
1.582
1.421
1.158
0.711
0.207
0.000
0.000
0.000
0.000
0.000
0.000
0.000
0.000
0.000
0.000
0.000
0.000
0.000
0.000
0.000
0.000
0.063
0.445
0.926
1.396
1.388
0.993
0.550
0.236
0.000
0.000
0.000
0.000
0.000
0.000
0.000
0.000
0.000
0.000
0.000
0.000
0.000
0.000
0.000
0.000
0.081
0.683
1.523
1.678
1.609
1.271
0.733
0.230
0.000
0.000
0.000
0.000
0.000
0.000
0.000
0.000
0.000
0.000
0.000
0.000
0.000
0.000
0.000
0.000
0.073
0.449
1.250
1.778
1.599
1.072
0.694
0.265
0.000
0.000
0.000
0.000
0.000
0.000
0.000
0.000
0.000
0.000
0.000
0.000
0.000
0.000
0.000
0.000
0.059
0.815
2.257
3.072
2.967
2.570
1.551
0.489
0.000
0.000
0.000
0.000
0.000
0.000
0.000
0.000
0.000
0.000
0.000
0.000
0.000
0.000
0.000
0.000
0.127
1.229
1.300
0.991
0.771
0.840
1.037
0.378
0.000
0.000
0.000
0.000
0.000
0.000
0.000
0.000
0.000
0.000
0.000
0.000
0.000
0.000
0.000
0.000
0.123
0.320
0.851
1.137
1.087
0.848
0.481
0.134
0.000
0.000
0.000
0.000
0.000
0.000
0.000
0.000
0.000
0.000
0.000
0.000
0.000
0.000
0.000
0.000
0.111
1.797
3.991
5.600
5.559
4.284
2.278
0.568
0.000
0.000
0.000
0.000
0.000
0.000
0.000
0.000
0.000
0.000
0.000
0.000
0.000
0.000
0.000
0.000
0.081
0.495
0.911
1.373
2.570
3.364
2.758
0.777
0.000
0.000
0.000
0.000
0.000
0.000
0.000
0.000
0.000
0.000
0.000
0.000
0.000
0.000
0.000
0.000
0.163
0.401
0.612
0.631
0.658
0.489
0.351
0.115
0.000
0.000
0.000
0.000
0.000
0.000
0.000
0.000
0.000
0.000
0.000
0.000
0.000
0.000
0.000
0.000
0.222
0.422
0.999
1.348
1.306
1.183
0.767
0.267
0.000
0.000
0.000
0.000
0.000
0.000
0.000
0.000
0.000
0.000
0.000
0.000
0.000
0.000
0.000
0.000
0.000
0.420
1.164
1.678
1.701
1.427
0.771
0.213
0.000
0.000
0.000
0.000
0.000
0.000
0.000
0.000
0.000
0.000
0.000
0.000
0.000
0.000
0.000
0.000
0.155
1.020
2.424
3.553
3.364
1.908
1.049
0.368
0.000
0.000
0.000
0.000
0.000
0.000
0.000
0.000
0.000
0.000
0.000
0.000
0.000
0.000
0.000
0.000
0.102
1.009
3.469
5.078
5.559
4.597
2.675
0.798
0.000
0.000
0.000
0.000
0.000
0.000
0.000
0.000
0.000
0.000
0.000
0.000
0.000
0.000
0.000
0.000
0.048
0.247
0.621
1.003
1.037
0.681
0.349
0.096
0.000
0.000
0.000
0.000
0.000
0.000
0.000
0.000
0.000
0.000
0.000
0.000
0.000
0.000
0.000
0.000
0.096
1.724
3.929
4.911
4.639
3.615
1.860
0.366
0.000
0.000
0.000
0.000
0.000
0.000
0.000
0.000
