0.000
0.000
0.000
0.000
0.000
0.000
0.000
0.000
0.004
0.024
0.053
0.065
0.075
0.063
0.037
0.010
0.000
0.000
0.000
0.000
0.000
0.000
0.000
0.000
0.000
0.000
0.000
0.000
0.000
0.000
0.000
0.000
0.006
0.115
0.391
0.577
0.636
0.556
0.376
0.113
0.017
0.000
0.000
0.000
0.000
0.000
0.000
0.000
0.000
0.000
0.000
0.000
0.000
0.000
0.000
0.000
0.000
0.014
0.051
0.104
0.143
0.152
0.129
0.056
0.023
0.000
0.000
0.000
0.000
0.000
0.000
0.000
0.000
0.000
0.000
0.000
0.000
0.000
0.000
0.000
0.007
0.095
0.253
0.369
0.366
0.329
0.174
0.046
0.020
0.000
0.000
0.000
0.000
0.000
0.000
0.000
0.000
0.000
0.000
0.000
0.000
0.000
0.000
0.000
0.007
0.050
0.140
0.205
0.235
0.190
0.109
0.037
0.000
0.000
0.000
0.000
0.000
0.000
0.000
0.000
0.000
0.000
0.000
0.000
0.000
0.000
0.000
0.000
0.009
0.037
0.094
0.199
0.341
0.431
0.332
0.151
0.013
0.000
0.000
0.000
0.000
0.000
0.000
0.000
0.000
0.000
0.000
0.000
0.000
0.000
0.000
0.000
0.019
0.086
0.117
0.144
0.138
0.112
0.067
0.023
0.000
0.000
0.000
0.000
0.000
0.000
0.000
0.000
0.000
0.000
0.000
0.000
0.000
0.000
0.000
0.000
0.000
0.016
0.090
0.294
0.472
0.494
0.400
0.133
0.013
0.000
0.000
0.000
0.000
0.000
0.000
0.000
0.000
0.000
0.000
0.000
0.000
0.000
0.000
0.000
0.014
0.104
0.300
0.419
0.379
0.269
0.089
0.021
0.000
0.000
0.000
0.000
0.000
0.000
0.000
0.000
0.000
0.000
0.000
0.000
0.000
0.000
0.000
0.000
0.007
0.061
0.193
0.301
0.404
0.397
0.295
0.101
0.010
0.000
0.000
0.000
0.000
0.000
0.000
0.000
0.000
0.000
0.000
0.000
0.000
0.000
0.000
0.000
0.017
0.169
0.338
0.407
0.385
0.264
0.134
0.046
0.025
0.000
0.000
0.000
0.000
0.000
0.000
0.000
0.000
0.000
0.000
0.000
0.000
0.000
0.000
0.000
0.017
0.040
0.096
0.142
0.154
0.136
0.085
0.033
0.006
0.000
0.000
0.000
0.000
0.000
0.000
0.000
0.000
0.000
0.000
0.000
0.000
0.000
0.000
0.000
0.008
0.156
0.363
0.357
0.293
0.308
0.250
0.140
0.008
0.000
0.000
0.000
0.000
0.000
0.000
0.000
0.000
0.000
0.000
0.000
0.000
0.000
0.000
0.000
0.011
0.192
0.453
0.664
0.658
0.459
0.240
0.063
0.015
0.000
0.000
0.000
0.000
0.000
0.000
0.000
0.000
0.000
0.000
0.000
0.000
0.000
0.000
0.000
0.006
0.107
0.268
0.407
0.466
0.463
0.372
0.166
0.013
0.000
0.000
0.000
0.000
0.000
0.000
0.000
0.000
0.000
0.000
0.000
0.000
0.000
0.000
0.000
0.009
0.096
0.258
0.360
0.497
0.506
0.354
0.174
0.019
0.000
0.000
0.000
0.000
0.000
0.000
0.000
0.000
0.000
0.000
0.000
0.000
0.000
0.000
0.000
0.026
0.133
0.295
0.459
0.537
0.534
0.351
0.136
0.009
0.000
0.000
0.000
0.000
0.000
0.000
0.000
0.000
0.000
0.000
0.000
0.000
0.000
0.000
0.000
0.009
0.141
0.314
0.441
0.521
0.497
0.363
0.195
0.026
0.000
0.000
0.000
0.000
0.000
0.000
0.000
0.000
0.000
0.000
0.000
0.000
0.000
0.000
0.000
0.018
0.168
0.394
0.562
0.649
0.478
0.314
0.163
0.020
0.000
0.000
0.000
0.000
0.000
0.000
0.000
0.000
0.000
0.000
0.000
0.000
0.000
0.000
0.000
0.022
0.163
0.314
0.422
0.447
0.385
0.286
0.111
0.016
0.000
0.000
0.000
0.000
0.000
0.000
0.000
0.000
0.000
0.000
0.000
0.000
0.000
0.000
0.000
0.009
0.039
0.098
0.163
0.173
0.143
0.109
0.053
0.011
0.000
0.000
0.000
0.000
0.000
0.000
0.000
0.000
0.000
0.000
0.000
0.000
0.000
0.000
0.000
0.016
0.099
0.216
0.335
0.404
0.366
0.265
0.136
0.022
0.000
0.000
0.000
0.000
0.000
0.000
0.000
0.000
0.000
0.000
0.000
0.000
0.000
0.000
0.000
0.034
0.185
0.404
0.574
0.559
0.487
0.299
0.119
0.014
0.000
0.000
0.000
0.000
0.000
0.000
0.000
0.000
0.000
0.000
0.000
0.000
0.000
0.000
0.000
0.042
0.287
0.559
0.711
0.761
0.698
0.540
0.270
0.044
0.000
0.000
0.000
0.000
0.000
0.000
0.000
0.000
0.000
0.000
0.000
0.000
0.000
0.000
0.000
0.017
0.129
0.258
0.348
0.379
0.297
0.210
0.104
0.016
0.000
0.000
0.000
0.000
0.000
0.000
0.000
0.000
0.000
0.000
0.000
0.000
0.000
0.000
0.000
0.013
0.166
0.314
0.391
0.372
0.299
0.208
0.118
0.029
0.000
0.000
0.000
0.000
0.000
0.000
0.000
0.000
0.000
0.000
0.000
0.000
0.000
0.000
0.000
0.016
0.111
0.250
0.351
0.376
0.297
0.190
0.086
0.016
0.000
0.000
0.000
0.000
0.000
0.000
0.000
0.000
0.000
0.000
0.000
0.000
0.000
0.000
0.000
0.007
0.050
0.127
0.253
0.385
0.459
0.438
0.232
0.037
0.000
0.000
0.000
0.000
0.000
0.000
0.000
0.000
0.000
0.000
0.000
0.000
0.000
0.000
0.000
0.043
0.204
0.357
0.431
0.391
0.317
0.228
0.138
0.036
0.000
0.000
0.000
0.000
0.000
0.000
0.000
0.000
0.000
0.000
0.000
0.000
0.000
0.000
0.000
0.032
0.175
0.410
0.562
0.643
0.546
0.428
0.260
0.060
0.000
0.000
0.000
0.000
0.000
0.000
0.000
0.000
0.000
0.000
0.000
0.000
0.000
0.000
0.000
0.019
0.098
0.214
0.326
0.354
0.317
0.257
0.160
0.048
0.000
0.000
0.000
0.000
0.000
0.000
0.000
0.000
0.000
0.000
0.000
0.000
0.000
0.000
0.000
0.025
0.162
0.391
0.515
0.521
0.515
0.431
0.283
0.069
0.000
0.000
0.000
0.000
0.000
0.000
0.000
0.000
0.000
0.000
0.000
0.000
0.000
0.000
0.000
0.074
0.238
0.351
0.419
0.475
0.456
0.354
0.215
0.053
0.000
0.000
0.000
0.000
0.000
0.000
0.000
0.000
0.000
0.000
0.000
0.000
0.000
0.000
0.000
0.029
0.164
0.376
0.577
0.636
0.643
0.503
0.317
0.099
0.000
0.000
0.000
0.000
0.000
0.000
0.000
0.000
0.000
0.000
0.000
0.000
0.000
0.000
0.000
0.055
0.261
0.481
0.674
0.726
0.692
0.481
0.306
0.095
0.000
0.000
0.000
0.000
0.000
0.000
0.000
0.000
0.000
0.000
0.000
0.000
0.000
0.000
0.000
0.024
0.119
0.221
0.323
0.354
0.326
0.264
0.160
0.050
0.000
0.000
0.000
0.000
0.000
0.000
0.000
0.000
0.000
0.000
0.000
0.000
0.000
0.000
0.000
0.066
0.306
0.608
0.801
0.882
0.826
0.717
0.469
0.157
0.030
0.000
0.000
0.000
0.000
0.000
0.000
0.000
0.000
0.000
0.000
0.000
0.000
0.000
0.000
0.056
0.183
0.305
0.407
0.382
0.354
0.271
0.170
0.058
0.011
0.000
0.000
0.000
0.000
0.000
0.000
0.000
0.000
0.000
0.000
0.000
0.000
0.000
0.000
0.094
0.354
0.664
0.854
0.928
0.888
0.742
0.469
0.165
0.024
0.000
0.000
0.000
0.000
0.000
0.000
0.000
0.000
0.000
0.000
0.000
0.000
0.000
0.000
0.070
0.284
0.521
0.692
0.851
0.878
0.729
0.475
0.178
0.026
0.000
0.000
0.000
0.000
0.000
0.000
0.000
0.000
0.000
0.000
0.000
0.000
0.000
0.000
0.032
0.101
0.189
0.257
0.281
0.284
0.240
0.152
0.048
0.000
0.000
0.000
0.000
0.000
0.000
0.000
0.000
0.000
0.000
0.000
0.000
0.000
0.000
0.000
0.008
0.040
0.069
0.101
0.116
0.111
0.089
0.055
0.020
0.000
0.000
0.000
0.000
0.000
0.000
0.000
0.000
0.000
0.000
0.000
0.000
0.000
0.000
0.000
0.021
0.091
0.173
0.241
0.278
0.233
0.213
0.126
0.042
0.018
0.000
0.000
0.000
0.000
0.000
0.000
0.000
0.000
0.000
0.000
0.000
0.000
0.000
0.000
0.033
0.086
0.153
0.200
0.232
0.251
0.181
0.109
0.053
0.034
0.000
0.000
0.000
0.000
0.000
0.000
0.000
0.000
0.000
0.000
0.000
0.000
0.000
0.000
0.047
0.144
0.238
0.294
0.348
0.329
0.270
0.170
0.067
0.024
0.000
0.000
0.000
0.000
0.000
0.000
0.000
0.000
0.000
0.000
0.000
0.000
0.000
0.014
0.066
0.196
0.341
0.397
0.425
0.459
0.372
0.236
0.087
0.026
0.000
0.000
0.000
0.000
0.000
0.000
0.000
0.000
0.000
0.000
0.000
0.000
0.000
0.012
0.035
0.095
0.172
0.255
0.286
0.270
0.216
0.177
0.108
0.028
0.000
0.000
0.000
0.000
0.000
0.000
0.000
0.000
0.000
0.000
0.000
0.000
0.000
0.027
0.222
0.553
0.863
1.021
1.074
0.965
0.761
0.509
0.239
0.016
0.000
0.000
0.000
0.000
0.000
0.000
0.000
0.000
0.000
0.000
0.000
0.000
0.000
0.017
0.177
0.416
0.689
0.816
0.819
0.748
0.587
0.400
0.166
0.012
0.000
0.000
0.000
0.000
0.000
0.000
0.000
0.000
0.000
0.000
0.000
0.000
0.000
0.018
0.101
0.179
0.203
0.240
0.240
0.188
0.186
0.159
0.070
0.009
0.000
0.000
0.000
0.000
0.000
0.000
0.000
0.000
0.000
0.000
0.000
0.000
0.000
0.018
0.126
0.298
0.369
0.419
0.463
0.410
0.329
0.261
0.146
0.023
0.000
0.000
0.000
0.000
0.000
0.000
0.000
0.000
0.000
0.000
0.000
0.000
0.000
0.015
0.170
0.475
0.720
0.835
0.816
0.764
0.680
0.463
0.242
0.029
0.000
0.000
0.000
0.000
0.000
0.000
0.000
0.000
0.000
0.000
0.000
0.000
0.000
0.029
0.195
0.306
0.326
0.348
0.232
0.143
0.095
0.060
0.029
0.008
0.000
0.000
0.000
0.000
0.000
0.000
0.000
0.000
0.000
0.000
0.000
0.000
0.000
0.020
0.196
0.481
0.711
0.795
0.816
0.736
0.636
0.463
0.244
0.025
0.000
0.000
0.000
0.000
0.000
0.000
0.000
0.000
0.000
0.000
0.000
0.000
0.000
0.025
0.196
0.484
0.714
0.866
0.838
0.782
0.680
0.475
0.245
0.029
0.000
0.000
0.000
0.000
0.000
0.000
0.000
0.000
0.000
0.000
0.000
0.000
0.000
0.015
0.107
0.301
0.478
0.590
0.605
0.571
0.450
0.271
0.102
0.017
0.000
0.000
0.000
0.000
0.000
0.000
0.000
0.000
0.000
0.000
0.000
0.000
0.000
0.011
0.047
0.092
0.166
0.301
0.348
0.400
0.478
0.441
0.263
0.052
0.000
0.000
0.000
0.000
0.000
0.000
0.000
0.000
0.000
0.000
0.000
0.000
0.000
0.048
0.323
0.667
0.931
1.083
1.077
0.919
0.726
0.484
0.217
0.039
0.000
0.000
0.000
0.000
0.000
0.000
0.000
0.000
0.000
0.000
0.000
0.000
0.000
0.012
0.059
0.156
0.277
0.338
0.305
0.277
0.202
0.127
0.056
0.012
0.000
0.000
0.000
0.000
0.000
0.000
0.000
0.000
0.000
0.000
0.000
0.000
0.000
0.043
0.271
0.580
0.823
0.885
0.897
0.736
0.525
0.329
0.182
0.039
0.000
0.000
0.000
0.000
0.000
0.000
0.000
0.000
0.000
0.000
0.000
0.000
0.000
0.046
0.210
0.506
0.770
0.937
1.034
1.021
0.869
0.705
0.385
0.075
0.000
0.000
0.000
0.000
0.000
0.000
0.000
0.000
0.000
0.000
0.000
0.000
0.000
0.032
0.237
0.565
0.875
0.978
1.065
1.055
0.903
0.664
0.388
0.104
0.000
0.000
0.000
0.000
0.000
0.000
0.000
0.000
0.000
0.000
0.000
0.000
0.000
0.077
0.363
0.692
0.993
1.133
1.145
1.099
0.941
0.702
0.400
0.099
0.000
0.000
0.000
0.000
0.000
0.000
0.000
0.000
0.000
0.000
0.000
0.000
0.000
0.078
0.271
0.518
0.674
0.745
0.695
0.624
0.487
0.320
0.154
0.047
0.000
0.000
0.000
0.000
0.000
0.000
0.000
0.000
0.000
0.000
0.000
0.000
0.000
0.040
0.174
0.444
0.764
1.034
1.127
1.121
0.981
0.717
0.428
0.092
0.000
0.000
0.000
0.000
0.000
0.000
0.000
0.000
0.000
0.000
0.000
0.000
0.000
0.040
0.203
0.431
0.698
0.934
1.052
1.114
0.981
0.736
0.422
0.113
0.000
0.000
0.000
0.000
0.000
0.000
0.000
0.000
0.000
0.000
0.000
0.000
0.000
0.061
0.241
0.397
0.497
0.521
0.490
0.444
0.481
0.425
0.314
0.117
0.000
0.000
0.000
0.000
0.000
0.000
0.000
0.000
0.000
0.000
0.000
0.000
0.000
0.092
0.228
0.314
0.310
0.245
0.202
0.180
0.166
0.147
0.080
0.030
0.000
0.000
0.000
0.000
0.000
0.000
0.000
0.000
0.000
0.000
0.000
0.000
0.000
0.108
0.444
0.779
1.058
1.239
1.242
1.198
1.018
0.801
0.494
0.132
0.000
0.000
0.000
0.000
0.000
0.000
0.000
0.000
0.000
0.000
0.000
0.000
0.052
0.113
0.394
0.689
0.841
0.851
0.729
0.521
0.366
0.240
0.126
0.044
0.000
0.000
0.000
0.000
0.000
0.000
0.000
0.000
0.000
0.000
0.000
0.000
0.009
0.085
0.264
0.450
0.649
0.826
0.866
0.767
0.565
0.326
0.147
0.041
0.000
0.000
0.000
0.000
0.000
0.000
0.000
0.000
0.000
0.000
0.000
0.000
0.004
0.050
0.146
0.282
0.441
0.540
0.615
0.608
0.571
0.431
0.257
0.092
0.000
0.000
0.000
0.000
0.000
0.000
0.000
0.000
0.000
0.000
0.000
0.000
0.060
0.071
0.241
0.404
0.500
0.481
0.494
0.481
0.459
0.366
0.237
0.085
0.000
0.000
0.000
0.000
0.000
0.000
0.000
0.000
0.000
0.000
0.000
0.000
0.000
0.034
0.111
0.210
0.289
0.351
0.348
0.335
0.256
0.187
0.102
0.036
0.011
0.000
0.000
0.000
0.000
0.000
0.000
0.000
0.000
0.000
0.000
0.000
0.000
0.031
0.115
0.203
0.272
0.326
0.354
0.348
0.294
0.222
0.126
0.052
0.000
0.000
0.000
0.000
0.000
0.000
0.000
0.000
0.000
0.000
0.000
0.000
0.000
0.054
0.193
0.363
0.553
0.664
0.798
0.795
0.720
0.559
0.326
0.127
0.027
0.000
0.000
0.000
0.000
0.000
0.000
0.000
0.000
0.000
0.000
0.000
0.009
0.113
0.329
0.639
0.885
1.049
1.102
0.993
0.851
0.633
0.363
0.127
0.022
0.000
0.000
0.000
0.000
0.000
0.000
0.000
0.000
0.000
0.000
0.000
0.026
0.068
0.188
0.345
0.503
0.661
0.708
0.655
0.571
0.441
0.259
0.094
0.016
0.000
0.000
0.000
0.000
0.000
0.000
0.000
0.000
0.000
0.000
0.000
0.010
0.086
0.249
0.130
0.512
0.937
1.133
1.176
1.024
0.770
0.456
0.141
0.027
0.000
0.000
0.000
0.000
0.000
0.000
0.000
0.000
0.000
0.000
0.000
0.016
0.149
0.338
0.515
0.596
0.723
0.801
0.788
0.723
0.587
0.363
0.153
0.035
0.000
0.000
0.000
0.000
0.000
0.000
0.000
0.000
0.000
0.000
0.000
0.017
0.121
0.335
0.630
0.854
1.018
1.142
1.201
1.102
0.875
0.543
0.208
0.022
0.000
0.000
0.000
0.000
0.000
0.000
0.000
0.000
0.000
0.000
0.000
0.021
0.152
0.360
0.608
0.773
0.869
0.854
0.770
0.615
0.422
0.275
0.117
0.031
0.000
0.000
0.000
0.000
0.000
0.000
0.000
0.000
0.000
0.000
0.000
0.020
0.189
0.494
0.773
0.869
0.875
0.900
0.826
0.838
0.621
0.428
0.192
0.025
0.000
0.000
0.000
0.000
0.000
0.000
0.000
0.000
0.000
0.000
0.000
0.028
0.241
0.599
0.944
1.114
1.149
1.099
1.021
0.900
0.745
0.518
0.202
0.020
0.000
0.000
0.000
0.000
0.000
0.000
0.000
0.000
0.000
0.000
0.000
0.035
0.054
0.177
0.372
0.627
0.742
1.003
1.046
1.043
0.900
0.655
0.314
0.037
0.000
0.000
0.000
0.000
0.000
0.000
0.000
0.000
0.000
0.000
0.000
0.043
0.254
0.553
0.878
1.127
1.155
1.021
0.978
0.863
0.711
0.506
0.215
0.027
0.000
0.000
0.000
0.000
0.000
0.000
0.000
0.000
0.000
0.000
0.000
0.020
0.070
0.152
0.255
0.382
0.466
0.574
0.518
0.500
0.413
0.303
0.106
0.029
0.000
0.000
0.000
0.000
0.000
0.000
0.000
0.000
0.000
0.000
0.000
0.015
0.057
0.142
0.245
0.286
0.338
0.435
0.531
0.615
0.574
0.388
0.159
0.023
0.000
0.000
0.000
0.000
0.000
0.000
0.000
0.000
0.000
0.000
0.000
0.060
0.317
0.643
0.906
1.024
1.015
1.006
0.764
0.503
0.264
0.121
0.043
0.019
0.000
0.000
0.000
0.000
0.000
0.000
0.000
0.000
0.000
0.000
0.000
0.056
0.265
0.574
0.965
1.207
1.310
1.322
1.235
1.139
0.863
0.599
0.289
0.040
0.000
0.000
0.000
0.000
0.000
0.000
0.000
0.000
0.000
0.000
0.000
0.084
0.338
0.692
0.990
1.049
0.996
0.934
0.872
0.729
0.450
0.241
0.131
0.021
0.000
0.000
0.000
0.000
0.000
0.000
0.000
0.000
0.000
0.000
0.000
0.065
0.270
0.546
0.829
1.090
1.298
1.335
1.273
1.018
0.736
0.431
0.181
0.028
0.000
0.000
0.000
0.000
0.000
0.000
0.000
0.000
0.000
0.000
0.000
0.020
0.095
0.214
0.363
0.475
0.546
0.506
0.379
0.323
0.267
0.187
0.103
0.028
0.000
0.000
0.000
0.000
0.000
0.000
0.000
0.000
0.000
0.000
0.000
0.036
0.141
0.278
0.459
0.540
0.624
0.757
0.801
0.764
0.618
0.416
0.226
0.057
0.000
0.000
0.000
0.000
0.000
0.000
0.000
0.000
0.000
0.000
0.000
0.062
0.229
0.565
0.878
1.114
1.130
1.164
1.105
0.947
0.773
0.584
0.326
0.076
0.000
0.000
0.000
0.000
0.000
0.000
0.000
0.000
0.000
0.000
0.000
0.124
0.453
0.854
1.285
1.574
1.732
1.785
1.648
1.471
1.180
0.841
0.435
0.108
0.000
0.000
0.000
0.000
0.000
0.000
0.000
0.000
0.000
0.000
0.000
0.126
0.447
0.823
1.266
1.592
1.881
1.931
1.803
1.564
1.254
0.860
0.422
0.097
0.000
0.000
0.000
0.000
0.000
0.000
0.000
0.000
0.000
0.000
0.227
0.129
0.463
0.882
1.291
1.592
1.754
1.760
1.568
1.369
1.062
0.680
0.341
0.079
0.000
0.000
0.000
0.000
0.000
0.000
0.000
0.000
0.000
0.000
0.017
0.124
0.425
0.819
1.294
1.642
1.928
1.915
1.825
1.596
1.257
0.860
0.428
0.104
0.000
0.000
0.000
0.000
0.000
0.000
0.000
0.000
0.000
0.000
0.043
0.144
0.441
0.823
1.170
1.437
1.571
1.568
1.515
1.316
0.978
0.661
0.351
0.084
0.000
0.000
0.000
0.000
0.000
0.000
0.000
0.000
0.000
0.000
0.000
0.060
0.214
0.497
0.981
1.471
1.776
1.943
1.859
1.673
1.335
0.909
0.475
0.125
0.000
0.000
0.000
0.000
0.000
0.000
0.000
0.000
0.000
0.000
0.090
0.147
0.438
0.798
1.167
1.453
1.561
1.518
1.329
1.111
0.779
0.500
0.284
0.081
0.000
0.000
0.000
0.000
0.000
0.000
0.000
0.000
0.000
0.000
0.021
0.134
0.376
0.717
1.043
1.189
1.127
1.145
1.114
1.055
0.903
0.661
0.369
0.100
0.000
0.000
0.000
0.000
0.000
0.000
0.000
0.000
0.000
0.000
0.048
0.150
0.444
0.792
1.232
1.533
1.822
1.906
1.866
1.673
1.322
0.947
0.528
0.162
0.000
0.000
0.000
0.000
0.000
0.000
0.000
0.000
0.000
0.000
0.034
0.193
0.497
0.885
1.248
1.533
1.751
1.803
1.704
1.518
1.201
0.819
0.413
0.105
0.008
0.000
0.000
0.000
0.000
0.000
0.000
0.000
0.000
0.000
0.022
0.151
0.413
0.788
1.173
1.465
1.592
1.586
1.530
1.307
1.006
0.639
0.351
0.102
0.015
0.000
0.000
0.000
0.000
0.000
0.000
0.000
0.000
0.000
0.019
0.172
0.478
0.798
1.161
1.412
1.509
1.478
1.456
1.232
0.950
0.624
0.369
0.115
0.073
0.000
0.000
0.000
0.000
0.000
0.000
0.000
0.000
0.000
0.025
0.225
0.602
1.058
1.499
1.900
2.039
2.111
2.067
1.856
1.484
1.049
0.590
0.193
0.050
0.000
0.000
0.000
0.000
0.000
0.000
0.000
0.000
0.000
0.022
0.165
0.410
0.723
0.968
1.055
1.170
1.260
1.279
1.155
0.931
0.652
0.413
0.129
0.016
0.000
0.000
0.000
0.000
0.000
0.000
0.000
0.000
0.000
0.032
0.247
0.546
0.978
1.363
1.723
1.990
2.074
1.993
1.788
1.406
0.981
0.528
0.174
0.023
0.000
0.000
0.000
0.000
0.000
0.000
0.000
0.000
0.000
0.041
0.298
0.677
1.139
1.592
1.915
2.123
2.185
2.098
1.831
1.462
1.031
0.577
0.201
0.026
0.000
0.000
0.000
0.000
0.000
0.000
0.000
0.000
0.000
0.042
0.298
0.670
1.127
1.521
1.800
1.881
1.862
1.720
1.462
1.176
0.823
0.487
0.187
0.016
0.000
0.000
0.000
0.000
0.000
0.000
0.000
0.000
0.000
0.026
0.152
0.369
0.652
1.111
1.695
2.042
2.142
2.064
1.822
1.453
1.027
0.559
0.183
0.018
0.000
0.000
0.000
0.000
0.000
0.000
0.000
0.000
0.000
0.039
0.237
0.487
0.807
1.074
1.316
1.381
1.378
1.235
0.993
0.711
0.456
0.231
0.072
0.007
0.000
0.000
0.000
0.000
0.000
0.000
0.000
0.000
0.000
0.020
0.097
0.264
0.494
0.698
0.993
1.223
1.384
1.397
1.136
0.829
0.475
0.208
0.065
0.028
0.000
0.000
0.000
0.000
0.000
0.000
0.000
0.000
0.000
0.029
0.170
0.369
0.639
0.844
1.040
1.173
1.257
1.254
1.102
0.934
0.748
0.494
0.226
0.024
0.000
0.000
0.000
0.000
0.000
0.000
0.000
0.000
0.000
0.073
0.351
0.742
1.226
1.636
1.800
1.853
1.611
1.316
1.024
0.792
0.608
0.338
0.137
0.024
0.000
0.000
0.000
0.000
0.000
0.000
0.000
0.000
0.000
0.075
0.335
0.708
1.142
1.456
1.664
1.704
1.695
1.679
1.493
1.248
0.857
0.484
0.181
0.024
0.000
0.000
0.000
0.000
0.000
0.000
0.000
0.000
0.000
0.031
0.140
0.372
0.708
0.875
1.121
1.207
1.356
1.447
1.335
1.248
0.928
0.556
0.238
0.025
0.000
0.000
0.000
0.000
0.000
0.000
0.000
0.000
0.000
0.074
0.310
0.661
0.975
1.164
1.350
1.459
1.481
1.428
1.242
1.043
0.795
0.509
0.233
0.029
0.000
0.000
0.000
0.000
0.000
0.000
0.000
0.000
0.000
0.073
0.274
0.577
0.897
1.173
1.301
1.450
1.431
1.313
1.043
0.776
0.565
0.320
0.133
0.023
0.000
0.000
0.000
0.000
0.000
0.000
0.000
0.000
0.000
0.059
0.179
0.354
0.518
0.695
0.819
0.968
0.975
0.882
0.695
0.512
0.320
0.177
0.072
0.018
0.000
0.000
0.000
0.000
0.000
0.000
0.000
0.000
0.000
0.016
0.056
0.127
0.261
0.447
0.636
0.841
1.121
1.242
1.155
0.900
0.612
0.360
0.130
0.017
0.000
0.000
0.000
0.000
0.000
0.000
0.000
0.000
0.000
0.086
0.351
0.670
0.956
1.353
1.654
1.794
1.726
1.505
1.009
0.708
0.404
0.236
0.083
0.040
0.000
0.000
0.000
0.000
0.000
0.000
0.000
0.000
0.000
0.026
0.110
0.244
0.447
0.739
1.058
1.341
1.415
1.372
1.239
1.009
0.717
0.394
0.159
0.026
0.000
0.000
0.000
0.000
0.000
0.000
0.000
0.000
0.041
0.074
0.272
0.537
0.670
0.813
0.978
1.000
0.959
0.931
0.885
0.748
0.590
0.332
0.144
0.027
0.000
0.000
0.000
0.000
0.000
0.000
0.000
0.000
0.020
0.096
0.329
0.608
0.863
1.062
1.242
1.372
1.540
1.537
1.415
1.130
0.795
0.472
0.205
0.040
0.000
0.000
0.000
0.000
0.000
0.000
0.000
0.000
0.028
0.076
0.250
0.490
0.776
1.027
1.142
1.189
1.052
0.742
0.574
0.369
0.211
0.146
0.064
0.011
0.000
0.000
0.000
0.000
0.000
0.000
0.000
0.000
0.000
0.068
0.193
0.385
0.615
0.776
0.981
1.086
1.270
1.353
1.176
1.021
0.823
0.525
0.251
0.042
0.000
0.000
0.000
0.000
0.000
0.000
0.000
0.000
0.029
0.070
0.200
0.425
0.664
0.888
1.124
1.192
1.226
1.226
1.130
0.922
0.686
0.400
0.170
0.037
0.000
0.000
0.000
0.000
0.000
0.000
0.000
0.000
0.092
0.067
0.218
0.425
0.729
1.130
1.481
1.639
1.661
1.763
1.583
1.301
0.959
0.568
0.243
0.056
0.000
0.000
0.000
0.000
0.000
0.000
0.000
0.000
0.040
0.058
0.180
0.372
0.702
1.201
1.499
1.592
1.651
1.602
1.453
1.332
1.068
0.677
0.332
0.071
0.069
0.000
0.000
0.000
0.000
0.000
0.000
0.000
0.022
0.147
0.425
0.736
1.139
1.440
1.589
1.729
1.847
1.717
1.505
1.260
0.953
0.636
0.297
0.067
0.093
0.000
0.000
0.000
0.000
0.000
0.000
0.000
0.024
0.086
0.199
0.335
0.410
0.435
0.490
0.553
0.596
0.596
0.574
0.444
0.335
0.215
0.106
0.030
0.007
0.000
0.000
0.000
0.000
0.000
0.000
0.000
0.020
0.093
0.326
0.695
1.027
1.207
1.279
1.372
1.456
1.422
1.332
1.009
0.655
0.363
0.147
0.031
0.154
0.000
0.000
0.000
0.000
0.000
0.000
0.000
0.018
0.078
0.268
0.571
0.903
1.307
1.596
1.859
1.937
1.887
1.720
1.456
1.077
0.674
0.317
0.079
0.044
0.000
0.000
0.000
0.000
0.000
0.000
0.000
0.018
0.137
0.379
0.670
1.027
1.207
1.369
1.412
1.363
1.270
1.093
0.959
0.674
0.376
0.162
0.043
0.000
0.000
0.000
0.000
0.000
0.000
0.000
0.000
0.005
0.033
0.087
0.165
0.246
0.366
0.546
0.841
1.207
1.372
1.471
1.223
0.950
0.608
0.305
0.077
0.190
0.000
0.000
0.000
0.000
0.000
0.000
0.000
0.020
0.140
0.385
0.630
0.882
1.071
1.341
1.540
1.478
1.384
1.204
1.015
0.742
0.515
0.308
0.078
0.002
0.000
0.000
0.000
0.000
0.000
0.000
0.000
0.020
0.147
0.391
0.717
1.012
1.055
1.139
1.310
1.468
1.468
1.282
1.217
0.953
0.612
0.314
0.076
0.008
0.000
0.000
0.000
0.000
0.000
0.000
0.000
0.020
0.157
0.394
0.708
1.099
1.447
1.605
1.664
1.782
1.776
1.614
1.301
0.996
0.627
0.300
0.084
0.037
0.000
0.000
0.000
0.000
0.000
0.000
0.000
0.013
0.093
0.248
0.463
0.670
0.909
1.034
1.117
1.121
1.065
0.996
0.860
0.655
0.385
0.188
0.053
0.007
0.000
0.000
0.000
0.000
0.000
0.000
0.000
0.016
0.115
0.301
0.562
0.869
1.124
1.322
1.381
1.378
1.341
1.273
1.071
0.804
0.521
0.266
0.083
0.034
0.000
0.000
0.000
0.000
0.000
0.000
0.000
0.017
0.114
0.294
0.503
0.767
0.953
1.052
1.027
1.024
0.885
0.785
0.717
0.680
0.503
0.288
0.081
0.048
0.000
0.000
0.000
0.000
0.000
0.000
0.000
0.019
0.112
0.304
0.549
0.851
1.012
1.111
1.071
0.934
0.851
0.754
0.649
0.534
0.400
0.227
0.077
0.017
0.000
0.000
0.000
0.000
0.000
0.000
0.000
0.021
0.121
0.320
0.577
0.829
1.102
1.347
1.484
1.474
1.415
1.391
1.217
0.931
0.624
0.360
0.122
0.019
0.000
0.000
0.000
0.000
0.000
0.000
0.000
0.026
0.169
0.407
0.711
1.046
1.310
1.552
1.751
1.816
1.558
1.161
0.810
0.490
0.300
0.166
0.052
0.010
0.000
0.000
0.000
0.000
0.000
0.000
0.000
0.025
0.173
0.416
0.717
1.043
1.288
1.450
1.596
1.658
1.614
1.540
1.325
0.993
0.646
0.348
0.113
0.020
0.000
0.000
0.000
0.000
0.000
0.000
0.000
0.014
0.087
0.207
0.314
0.419
0.525
0.602
0.798
0.996
1.192
1.310
1.214
0.996
0.683
0.366
0.125
0.012
0.000
0.000
0.000
0.000
0.000
0.000
0.000
0.032
0.193
0.469
0.795
1.099
1.325
1.564
1.717
1.751
1.757
1.537
1.180
0.776
0.425
0.201
0.061
0.004
0.000
0.000
0.000
0.000
0.000
0.000
0.000
0.024
0.035
0.083
0.162
0.270
0.394
0.562
0.757
0.866
1.040
1.077
0.990
0.838
0.674
0.382
0.127
0.030
0.000
0.000
0.000
0.000
0.000
0.000
0.000
0.037
0.181
0.397
0.717
1.052
1.207
1.158
1.310
1.248
0.906
0.590
0.422
0.338
0.228
0.089
0.027
0.021
0.000
0.000
0.000
0.000
0.000
0.000
0.000
0.022
0.064
0.146
0.268
0.379
0.546
0.689
0.844
1.031
1.133
1.319
1.136
0.891
0.574
0.289
0.098
0.017
0.000
0.000
0.000
0.000
0.000
0.000
0.000
0.030
0.174
0.425
0.770
1.065
1.282
1.474
1.583
1.670
1.645
1.599
1.363
1.055
0.708
0.372
0.144
0.024
0.000
0.000
0.000
0.000
0.000
0.000
0.000
0.038
0.195
0.459
0.761
1.164
1.540
1.831
1.974
2.101
2.042
1.828
1.512
1.127
0.680
0.351
0.122
0.036
0.000
0.000
0.000
0.000
0.000
0.000
0.000
0.025
0.098
0.212
0.444
0.798
1.055
1.273
1.437
1.530
1.447
1.319
1.248
0.941
0.680
0.385
0.135
0.030
0.000
0.000
0.000
0.000
0.000
0.000
0.000
0.042
0.207
0.478
0.782
1.121
1.434
1.543
1.707
1.794
1.735
1.614
1.366
1.052
0.695
0.413
0.165
0.017
0.000
0.000
0.000
0.000
0.000
0.000
0.000
0.042
0.211
0.478
0.807
1.204
1.592
1.794
1.931
2.027
1.915
1.800
1.524
1.170
0.773
0.419
0.159
0.029
0.000
0.000
0.000
0.000
0.000
0.000
0.000
0.040
0.211
0.494
0.835
1.226
1.515
1.487
1.471
1.391
1.313
1.167
1.006
0.767
0.521
0.314
0.123
0.037
0.000
0.000
0.000
0.000
0.000
0.000
0.000
0.039
0.196
0.459
0.782
1.077
1.257
1.263
1.245
1.266
1.239
1.189
1.102
0.919
0.633
0.357
0.135
0.021
0.000
0.000
0.000
0.000
0.000
0.000
0.000
0.031
0.162
0.388
0.643
0.993
1.313
1.555
1.717
1.807
1.828
1.776
1.564
1.211
0.795
0.438
0.165
0.020
0.000
0.000
0.000
0.000
0.000
0.000
0.000
0.042
0.179
0.435
0.767
1.155
1.527
1.881
2.042
2.129
1.980
1.769
1.440
1.083
0.692
0.366
0.132
0.018
0.000
0.000
0.000
0.000
0.000
0.000
0.000
0.048
0.160
0.345
0.577
0.841
1.145
1.335
1.378
1.282
1.170
0.885
0.692
0.487
0.280
0.146
0.057
0.023
0.000
0.000
0.000
0.000
0.000
0.000
0.000
0.012
0.037
0.096
0.194
0.298
0.435
0.584
0.667
0.748
0.801
0.785
0.664
0.469
0.285
0.146
0.054
0.021
0.000
0.000
0.000
0.000
0.000
0.000
0.000
0.017
0.081
0.190
0.338
0.509
0.643
0.829
0.987
1.000
0.934
0.844
0.736
0.574
0.407
0.226
0.097
0.013
0.000
0.000
0.000
0.000
0.000
0.000
0.000
0.033
0.145
0.348
0.612
0.953
1.276
1.527
1.744
1.630
1.474
1.291
1.117
0.894
0.593
0.338
0.135
0.016
0.000
0.000
0.000
0.000
0.000
0.000
0.000
0.026
0.119
0.293
0.556
0.875
1.291
1.580
1.692
1.608
1.574
1.391
1.161
0.909
0.580
0.310
0.119
0.031
0.000
0.000
0.000
0.000
0.000
0.000
0.000
0.032
0.124
0.268
0.413
0.593
0.792
0.919
1.058
1.229
1.201
1.055
0.872
0.599
0.431
0.227
0.095
0.020
0.000
0.000
0.000
0.000
0.000
0.000
0.000
0.031
0.159
0.372
0.621
0.984
1.322
1.558
1.772
1.797
1.726
1.530
1.251
0.968
0.599
0.351
0.144
0.020
0.000
0.000
0.000
0.000
0.000
0.000
0.000
0.041
0.172
0.357
0.608
0.841
0.993
1.145
1.298
1.428
1.397
1.322
1.149
0.897
0.574
0.314
0.114
0.020
0.000
0.000
0.000
0.000
0.000
0.000
0.000
0.027
0.094
0.233
0.369
0.534
0.686
0.723
0.742
0.726
0.754
0.748
0.757
0.643
0.441
0.275
0.118
0.018
0.000
0.000
0.000
0.000
0.000
0.000
0.000
0.031
0.113
0.274
0.497
0.764
1.108
1.288
1.381
1.437
1.381
1.285
1.108
0.866
0.571
0.314
0.100
0.017
0.000
0.000
0.000
0.000
0.000
0.000
0.000
0.026
0.101
0.237
0.382
0.580
0.798
0.956
1.046
1.207
1.304
1.316
1.093
0.826
0.553
0.301
0.126
0.021
0.000
0.000
0.000
0.000
0.000
0.000
0.000
0.024
0.126
0.310
0.553
0.844
1.031
1.093
1.195
1.266
1.347
1.316
1.170
0.959
0.664
0.382
0.154
0.027
0.000
0.000
0.000
0.000
0.000
0.000
0.000
0.034
0.144
0.338
0.680
1.083
1.434
1.701
1.791
1.766
1.596
1.388
1.099
0.680
0.463
0.292
0.134
0.020
0.000
0.000
0.000
0.000
0.000
0.000
0.000
0.039
0.187
0.400
0.627
0.916
1.121
1.375
1.518
1.518
1.487
1.384
1.176
0.897
0.627
0.326
0.106
0.013
0.000
0.000
0.000
0.000
0.000
0.000
0.000
0.027
0.112
0.220
0.391
0.615
0.832
1.037
1.164
1.254
1.111
0.953
0.826
0.646
0.509
0.308
0.129
0.021
0.000
0.000
0.000
0.000
0.000
0.000
0.000
0.035
0.185
0.447
0.776
1.155
1.431
1.611
1.692
1.633
1.617
1.493
1.248
0.934
0.602
0.354
0.126
0.018
0.000
0.000
0.000
0.000
0.000
0.000
0.000
0.014
0.076
0.195
0.338
0.512
0.627
0.680
0.698
0.838
1.043
1.189
1.083
0.785
0.587
0.388
0.149
0.020
0.000
0.000
0.000
0.000
0.000
0.000
0.000
0.030
0.191
0.425
0.692
0.962
1.211
1.502
1.723
1.825
1.844
1.720
1.450
1.077
0.711
0.369
0.137
0.017
0.000
0.000
0.000
0.000
0.000
0.000
0.000
0.032
0.177
0.431
0.748
1.142
1.577
1.872
1.984
2.111
1.974
1.810
1.568
1.183
0.764
0.391
0.162
0.028
0.000
0.000
0.000
0.000
0.000
0.000
0.000
0.028
0.160
0.388
0.711
1.015
1.341
1.422
1.381
1.450
1.366
1.307
1.083
0.807
0.534
0.314
0.115
0.019
0.000
0.000
0.000
0.000
0.000
0.000
0.000
0.038
0.143
0.345
0.515
0.621
0.689
0.615
0.788
0.832
0.950
1.000
0.882
0.689
0.509
0.335
0.144
0.021
0.000
0.000
0.000
0.000
0.000
0.000
0.000
0.034
0.188
0.453
0.795
1.195
1.596
1.890
2.061
2.018
1.769
1.521
1.285
0.903
0.593
0.304
0.109
0.012
0.000
0.000
0.000
0.000
0.000
0.000
0.000
0.019
0.088
0.253
0.466
0.702
1.003
1.375
1.645
1.828
1.909
1.732
1.459
1.161
0.767
0.453
0.171
0.029
0.000
0.000
0.000
0.000
0.000
0.000
0.000
0.033
0.176
0.310
0.376
0.459
0.636
0.804
1.074
1.282
1.400
1.325
1.093
0.956
0.680
0.366
0.157
0.019
0.000
0.000
0.000
0.000
0.000
0.000
0.000
0.037
0.166
0.428
0.702
0.975
1.139
1.127
1.167
1.114
1.105
0.987
0.925
0.708
0.459
0.228
0.072
0.010
0.000
0.000
0.000
0.000
0.000
0.000
0.000
0.021
0.089
0.195
0.323
0.559
0.857
1.037
1.214
1.481
1.530
1.515
1.235
0.950
0.633
0.326
0.120
0.014
0.000
0.000
0.000
0.000
0.000
0.000
0.000
0.012
0.073
0.202
0.413
0.599
0.739
0.757
0.854
0.956
0.981
1.145
1.015
0.897
0.556
0.326
0.129
0.018
0.000
0.000
0.000
0.000
0.000
0.000
0.000
0.028
0.161
0.419
0.748
1.071
1.353
1.564
1.717
1.838
1.866
1.757
1.493
1.167
0.792
0.419
0.156
0.016
0.000
0.000
0.000
0.000
0.000
0.000
0.000
0.020
0.146
0.366
0.667
1.031
1.360
1.645
1.906
2.002
1.949
1.766
1.406
0.962
0.528
0.227
0.063
0.028
0.000
0.000
0.000
0.000
0.000
0.000
0.000
0.014
0.134
0.357
0.608
0.928
1.170
1.434
1.645
1.639
1.499
1.288
1.071
0.761
0.463
0.217
0.077
0.058
0.000
0.000
0.000
0.000
0.000
0.000
0.000
0.005
0.063
0.178
0.354
0.518
0.661
0.810
0.922
1.031
1.040
1.009
0.844
0.655
0.438
0.219
0.073
0.027
0.000
0.000
0.000
0.000
0.000
0.000
0.000
0.012
0.039
0.103
0.191
0.310
0.369
0.416
0.447
0.521
0.580
0.559
0.472
0.363
0.253
0.142
0.055
0.011
0.000
0.000
0.000
0.000
0.000
0.000
0.000
0.011
0.063
0.172
0.314
0.400
0.515
0.618
0.717
0.866
0.941
0.975
0.804
0.593
0.351
0.193
0.069
0.028
0.000
0.000
0.000
0.000
0.000
0.000
0.000
0.008
0.071
0.207
0.400
0.636
0.894
1.167
1.353
1.490
1.521
1.434
1.223
0.906
0.590
0.323
0.121
0.023
0.000
0.000
0.000
0.000
0.000
0.000
0.000
0.014
0.096
0.260
0.463
0.698
0.947
1.183
1.301
1.356
1.388
1.232
1.021
0.726
0.469
0.254
0.089
0.028
0.000
0.000
0.000
0.000
0.000
0.000
0.000
0.016
0.079
0.208
0.385
0.636
0.875
1.052
1.310
1.468
1.422
1.335
1.189
0.934
0.677
0.357
0.125
0.018
0.000
0.000
0.000
0.000
0.000
0.000
0.000
0.016
0.134
0.376
0.686
1.062
1.378
1.614
1.738
1.782
1.648
1.496
1.207
0.847
0.503
0.274
0.095
0.015
0.000
0.000
0.000
0.000
0.000
0.000
0.000
0.038
0.037
0.174
0.475
0.841
1.270
1.564
1.636
1.630
1.673
1.645
1.450
1.136
0.720
0.376
0.122
0.020
0.000
0.000
0.000
0.000
0.000
0.000
0.000
0.017
0.068
0.172
0.345
0.562
0.757
0.819
0.761
0.739
0.723
0.649
0.618
0.534
0.366
0.241
0.084
0.016
0.000
0.000
0.000
0.000
0.000
0.000
0.000
0.017
0.113
0.306
0.568
0.882
1.142
1.388
1.415
1.443
1.412
1.270
1.058
0.792
0.494
0.239
0.074
0.099
0.000
0.000
0.000
0.000
0.000
0.000
0.000
0.037
0.091
0.275
0.497
0.717
0.798
0.882
0.968
0.981
0.916
0.857
0.835
0.739
0.574
0.348
0.120
0.018
0.000
0.000
0.000
0.000
0.000
0.000
0.000
0.015
0.119
0.323
0.543
0.754
0.972
1.149
1.248
1.192
1.055
1.065
0.944
0.677
0.410
0.213
0.074
0.022
0.000
0.000
0.000
0.000
0.000
0.000
0.000
0.020
0.076
0.179
0.310
0.416
0.456
0.466
0.450
0.459
0.428
0.376
0.302
0.229
0.145
0.084
0.034
0.029
0.000
0.000
0.000
0.000
0.000
0.000
0.000
0.047
0.079
0.284
0.621
0.965
1.239
1.409
1.450
1.484
1.397
1.298
1.139
0.956
0.615
0.298
0.095
0.029
0.000
0.000
0.000
0.000
0.000
0.000
0.000
0.014
0.107
0.254
0.379
0.456
0.512
0.484
0.466
0.472
0.466
0.438
0.450
0.363
0.230
0.125
0.035
0.024
0.000
0.000
0.000
0.000
0.000
0.000
0.000
0.000
0.045
0.165
0.332
0.546
0.655
0.792
0.888
0.869
0.764
0.714
0.556
0.428
0.238
0.113
0.031
0.007
0.000
0.000
0.000
0.000
0.000
0.000
0.000
0.085
0.066
0.235
0.435
0.615
0.736
0.844
0.947
1.096
1.111
1.117
0.941
0.695
0.478
0.265
0.079
0.061
0.000
0.000
0.000
0.000
0.000
0.000
0.000
0.034
0.092
0.314
0.624
0.906
1.086
1.043
1.037
1.155
1.229
1.071
0.900
0.723
0.459
0.252
0.075
0.127
0.000
0.000
0.000
0.000
0.000
0.000
0.000
0.207
0.077
0.283
0.590
0.878
1.062
1.167
1.242
1.391
1.419
1.304
1.173
0.953
0.643
0.341
0.099
0.278
0.000
0.000
0.000
0.000
0.000
0.000
0.000
0.035
0.099
0.329
0.655
1.037
1.419
1.465
1.533
1.596
1.530
1.400
1.149
0.891
0.568
0.274
0.064
0.000
0.000
0.000
0.000
0.000
0.000
0.000
0.000
0.039
0.090
0.305
0.580
0.832
1.121
1.366
1.453
1.347
1.282
1.145
0.941
0.748
0.512
0.274
0.075
0.007
0.000
0.000
0.000
0.000
0.000
0.000
0.000
0.269
0.083
0.226
0.456
0.754
1.161
1.487
1.596
1.667
1.682
1.571
1.378
1.027
0.556
0.252
0.047
0.000
0.000
0.000
0.000
0.000
0.000
0.000
0.000
0.000
0.075
0.253
0.469
0.714
0.944
1.114
1.257
1.229
1.211
1.124
0.965
0.714
0.444
0.221
0.073
0.007
0.000
0.000
0.000
0.000
0.000
0.000
0.000
0.000
0.077
0.269
0.531
0.819
1.071
1.133
1.139
1.158
1.096
1.021
0.913
0.683
0.419
0.198
0.041
0.000
0.000
0.000
0.000
0.000
0.000
0.000
0.000
0.000
0.045
0.210
0.444
0.689
0.882
1.027
1.043
0.922
0.788
0.652
0.481
0.310
0.185
0.102
0.030
0.000
0.000
0.000
0.000
0.000
0.000
0.000
0.000
0.000
0.045
0.153
0.323
0.518
0.748
0.891
1.108
1.298
1.437
1.384
1.254
0.956
0.621
0.309
0.079
0.000
0.000
0.000
0.000
0.000
0.000
0.000
0.000
0.000
0.073
0.286
0.574
0.934
1.322
1.384
1.493
1.509
1.363
1.152
0.894
0.649
0.413
0.209
0.047
0.000
0.000
0.000
0.000
0.000
0.000
0.000
0.000
0.000
0.055
0.237
0.556
0.981
1.425
1.670
1.751
1.772
1.726
1.533
1.325
0.984
0.574
0.263
0.050
0.000
0.000
0.000
0.000
0.000
0.000
0.000
0.000
0.000
0.056
0.238
0.503
0.841
1.201
1.391
1.425
1.325
1.322
1.155
0.987
0.733
0.435
0.189
0.031
0.000
0.000
0.000
0.000
0.000
0.000
0.000
0.000
0.000
0.047
0.167
0.332
0.497
0.630
0.733
0.826
0.891
1.009
1.015
0.937
0.767
0.497
0.248
0.054
0.000
0.000
0.000
0.000
0.000
0.000
0.000
0.000
0.000
0.041
0.183
0.422
0.652
0.872
0.990
1.062
1.124
1.046
0.885
0.686
0.490
0.314
0.170
0.052
0.000
0.000
0.000
0.000
0.000
0.000
0.000
0.000
0.000
0.037
0.178
0.407
0.764
1.136
1.394
1.397
1.378
1.394
1.273
1.114
0.832
0.540
0.215
0.035
0.000
0.000
0.000
0.000
0.000
0.000
0.000
0.000
0.000
0.034
0.139
0.276
0.416
0.559
0.565
0.506
0.518
0.605
0.577
0.528
0.382
0.178
0.061
0.006
0.000
0.000
0.000
0.000
0.000
0.000
0.000
0.000
0.000
0.008
0.043
0.100
0.184
0.290
0.400
0.450
0.469
0.419
0.385
0.382
0.243
0.139
0.067
0.021
0.000
0.000
0.000
0.000
0.000
0.000
0.000
0.000
0.000
0.025
0.191
0.525
0.941
1.322
1.471
1.468
1.341
1.192
1.065
0.965
0.788
0.478
0.214
0.027
0.000
0.000
0.000
0.000
0.000
0.000
0.000
0.000
0.000
0.035
0.228
0.481
0.851
1.183
1.313
1.223
1.090
0.984
0.854
0.655
0.472
0.295
0.129
0.024
0.000
0.000
0.000
0.000
0.000
0.000
0.000
0.000
0.000
0.035
0.205
0.506
0.941
1.369
1.568
1.412
1.285
1.149
0.953
0.807
0.587
0.385
0.177
0.033
0.000
0.000
0.000
0.000
0.000
0.000
0.000
0.000
0.000
0.019
0.111
0.267
0.450
0.612
0.683
0.723
0.751
0.764
0.667
0.571
0.404
0.248
0.115
0.027
0.000
0.000
0.000
0.000
0.000
0.000
0.000
0.000
0.000
0.029
0.192
0.472
0.792
0.987
1.074
1.018
0.959
0.773
0.559
0.394
0.260
0.139
0.055
0.060
0.000
0.000
0.000
0.000
0.000
0.000
0.000
0.000
0.000
0.015
0.102
0.253
0.456
0.618
0.757
0.826
0.785
0.788
0.702
0.571
0.410
0.230
0.080
0.011
0.000
0.000
0.000
0.000
0.000
0.000
0.000
0.000
0.000
0.017
0.106
0.274
0.503
0.698
0.866
0.950
1.071
1.099
1.009
0.869
0.627
0.341
0.128
0.081
0.000
0.000
0.000
0.000
0.000
0.000
0.000
0.000
0.000
0.026
0.162
0.391
0.711
1.034
1.319
1.505
1.580
1.440
1.239
0.956
0.599
0.288
0.078
0.329
0.000
0.000
0.000
0.000
0.000
0.000
0.000
0.000
0.000
0.034
0.193
0.397
0.636
0.829
0.981
1.031
1.027
1.058
0.987
0.826
0.621
0.385
0.143
0.027
0.000
0.000
0.000
0.000
0.000
0.000
0.000
0.000
0.000
0.031
0.095
0.229
0.348
0.456
0.540
0.590
0.680
0.630
0.624
0.515
0.363
0.205
0.094
0.038
0.000
0.000
0.000
0.000
0.000
0.000
0.000
0.000
0.000
0.022
0.214
0.506
0.776
0.906
0.941
0.795
0.661
0.565
0.478
0.397
0.326
0.215
0.072
0.202
0.000
0.000
0.000
0.000
0.000
0.000
0.000
0.000
0.000
0.020
0.051
0.152
0.351
0.503
0.698
0.829
0.900
1.058
1.136
0.950
0.717
0.407
0.135
0.164
0.000
0.000
0.000
0.000
0.000
0.000
0.000
0.000
0.000
0.022
0.124
0.314
0.580
0.897
1.074
1.195
1.198
1.335
1.294
1.086
0.776
0.422
0.134
0.025
0.000
0.000
0.000
0.000
0.000
0.000
0.000
0.000
0.000
0.020
0.224
0.549
0.909
1.294
1.422
1.505
1.502
1.496
1.325
1.077
0.726
0.369
0.107
0.033
0.000
0.000
0.000
0.000
0.000
0.000
0.000
0.000
0.000
0.020
0.119
0.391
0.761
1.164
1.344
1.394
1.257
1.012
0.788
0.602
0.425
0.259
0.070
0.000
0.000
0.000
0.000
0.000
0.000
0.000
0.000
0.000
0.000
0.163
0.092
0.280
0.540
0.729
0.810
0.767
0.655
0.562
0.500
0.379
0.264
0.139
0.038
0.000
0.000
0.000
0.000
0.000
0.000
0.000
0.000
0.000
0.000
0.000
0.029
0.090
0.169
0.240
0.320
0.391
0.441
0.447
0.438
0.354
0.263
0.156
0.058
0.000
0.000
0.000
0.000
0.000
0.000
0.000
0.000
0.000
0.000
0.016
0.096
0.317
0.587
0.931
1.145
1.217
1.201
1.183
1.080
0.866
0.602
0.280
0.087
0.000
0.000
0.000
0.000
0.000
0.000
0.000
0.000
0.000
0.000
0.027
0.150
0.444
0.751
1.086
1.270
1.226
1.093
0.993
0.913
0.742
0.503
0.254
0.058
0.000
0.000
0.000
0.000
0.000
0.000
0.000
0.000
0.000
0.000
0.013
0.099
0.283
0.562
0.885
1.018
0.925
0.838
0.711
0.580
0.447
0.304
0.143
0.034
0.000
0.000
0.000
0.000
0.000
0.000
0.000
0.000
0.000
0.000
0.022
0.084
0.263
0.518
0.826
0.944
0.854
0.826
0.776
0.683
0.574
0.416
0.239
0.054
0.000
0.000
0.000
0.000
0.000
0.000
0.000
0.000
0.000
0.000
0.092
0.084
0.253
0.478
0.717
0.875
0.903
0.981
0.953
0.906
0.726
0.515
0.320
0.074
0.000
0.000
0.000
0.000
0.000
0.000
0.000
0.000
0.000
0.000
0.039
0.157
0.484
0.894
1.291
1.552
1.766
1.890
1.856
1.623
1.254
0.826
0.404
0.068
0.000
0.000
0.000
0.000
0.000
0.000
0.000
0.000
0.000
0.000
0.058
0.138
0.447
0.801
1.111
1.211
1.350
1.419
1.428
1.257
0.984
0.655
0.335
0.066
0.000
0.000
0.000
0.000
0.000
0.000
0.000
0.000
0.000
0.000
0.000
0.069
0.239
0.422
0.599
0.754
0.857
0.916
0.916
0.838
0.667
0.450
0.207
0.036
0.000
0.000
0.000
0.000
0.000
0.000
0.000
0.000
0.000
0.000
0.000
0.045
0.168
0.379
0.633
0.888
0.959
0.962
0.984
0.975
0.748
0.506
0.244
0.037
0.000
0.000
0.000
0.000
0.000
0.000
0.000
0.000
0.000
0.000
0.000
0.099
0.376
0.776
1.214
1.518
1.729
1.810
1.776
1.564
1.220
0.788
0.363
0.033
0.000
0.000
0.000
0.000
0.000
0.000
0.000
0.000
0.000
0.000
0.000
0.127
0.419
0.782
1.139
1.372
1.478
1.512
1.388
1.149
0.795
0.441
0.156
0.017
0.000
0.000
0.000
0.000
0.000
0.000
0.000
0.000
0.000
0.000
0.000
0.026
0.137
0.317
0.608
0.934
1.214
1.298
1.363
1.170
0.922
0.627
0.305
0.030
0.000
0.000
0.000
0.000
0.000
0.000
0.000
0.000
0.000
0.000
0.000
0.074
0.285
0.584
0.891
1.049
1.105
1.080
0.965
0.826
0.596
0.397
0.176
0.021
0.000
0.000
0.000
0.000
0.000
0.000
0.000
0.000
0.000
0.000
0.000
0.042
0.173
0.348
0.500
0.729
0.838
0.875
0.804
0.605
0.472
0.293
0.117
0.015
0.000
0.000
0.000
0.000
0.000
0.000
0.000
0.000
0.000
0.000
0.000
0.025
0.120
0.276
0.487
0.702
0.950
1.096
1.127
0.909
0.590
0.354
0.141
0.018
0.000
0.000
0.000
0.000
0.000
0.000
0.000
0.000
0.000
0.000
0.000
0.045
0.227
0.472
0.680
0.726
0.720
0.723
0.655
0.509
0.379
0.234
0.096
0.022
0.000
0.000
0.000
0.000
0.000
0.000
0.000
0.000
0.000
0.000
0.000
0.075
0.366
0.748
1.086
1.248
1.251
1.198
1.080
0.928
0.692
0.382
0.132
0.024
0.000
0.000
0.000
0.000
0.000
0.000
0.000
0.000
0.000
0.000
0.000
0.047
0.223
0.466
0.757
1.027
1.136
1.111
1.031
0.909
0.633
0.351
0.139
0.034
0.000
0.000
0.000
0.000
0.000
0.000
0.000
0.000
0.000
0.000
0.000
0.056
0.296
0.655
1.093
1.437
1.630
1.583
1.409
1.164
0.832
0.540
0.189
0.022
0.000
0.000
0.000
0.000
0.000
0.000
0.000
0.000
0.000
0.000
0.000
0.057
0.299
0.636
0.941
1.145
1.217
1.108
1.018
0.798
0.568
0.332
0.094
0.000
0.000
0.000
0.000
0.000
0.000
0.000
0.000
0.000
0.000
0.000
0.000
0.031
0.105
0.196
0.287
0.357
0.419
0.472
0.549
0.590
0.549
0.385
0.164
0.020
0.000
0.000
0.000
0.000
0.000
0.000
0.000
0.000
0.000
0.000
0.000
0.028
0.168
0.379
0.599
0.801
0.888
0.869
0.903
0.872
0.720
0.484
0.158
0.000
0.000
0.000
0.000
0.000
0.000
0.000
0.000
0.000
0.000
0.000
0.000
0.064
0.394
0.782
1.058
1.204
1.198
1.080
0.869
0.711
0.534
0.231
0.062
0.000
0.000
0.000
0.000
0.000
0.000
0.000
0.000
0.000
0.000
0.000
0.000
0.030
0.229
0.593
0.993
1.242
1.443
1.391
1.183
0.990
0.764
0.450
0.128
0.000
0.000
0.000
0.000
0.000
0.000
0.000
0.000
0.000
0.000
0.000
0.000
0.045
0.335
0.782
1.176
1.428
1.384
1.378
1.356
1.130
0.826
0.469
0.143
0.000
0.000
0.000
0.000
0.000
0.000
0.000
0.000
0.000
0.000
0.000
0.000
0.043
0.323
0.683
1.102
1.412
1.512
1.443
1.319
1.086
0.823
0.447
0.122
0.000
0.000
0.000
0.000
0.000
0.000
0.000
0.000
0.000
0.000
0.000
0.000
0.035
0.298
0.674
1.130
1.394
1.558
1.552
1.524
1.335
0.984
0.537
0.130
0.000
0.000
0.000
0.000
0.000
0.000
0.000
0.000
0.000
0.000
0.000
0.000
0.038
0.289
0.664
1.058
1.353
1.478
1.689
1.645
1.381
0.978
0.531
0.132
0.000
0.000
0.000
0.000
0.000
0.000
0.000
0.000
0.000
0.000
0.000
0.000
0.040
0.279
0.646
1.021
1.335
1.561
1.654
1.571
1.279
0.869
0.441
0.092
0.000
0.000
0.000
0.000
0.000
0.000
0.000
0.000
0.000
0.000
0.000
0.000
0.030
0.291
0.695
1.111
1.509
1.676
1.776
1.695
1.412
1.027
0.549
0.111
0.000
0.000
0.000
0.000
0.000
0.000
0.000
0.000
0.000
0.000
0.000
0.000
0.026
0.254
0.612
0.993
1.291
1.521
1.713
1.670
1.403
1.006
0.528
0.097
0.000
0.000
0.000
0.000
0.000
0.000
0.000
0.000
0.000
0.000
0.000
0.000
0.023
0.238
0.612
1.117
1.447
1.695
1.754
1.658
1.363
0.956
0.490
0.079
0.000
0.000
0.000
0.000
0.000
0.000
0.000
0.000
0.000
0.000
0.000
0.000
0.025
0.131
0.338
0.577
0.742
0.813
0.888
0.891
0.748
0.556
0.247
0.042
0.000
0.000
0.000
0.000
0.000
0.000
0.000
0.000
0.000
0.000
0.000
0.000
0.019
0.181
0.515
0.888
1.167
1.291
1.344
1.201
0.944
0.596
0.234
0.028
0.000
0.000
0.000
0.000
0.000
0.000
0.000
0.000
0.000
0.000
0.000
0.000
0.006
0.032
0.086
0.151
0.225
0.303
0.297
0.265
0.222
0.139
0.055
0.024
0.000
0.000
0.000
0.000
0.000
0.000
0.000
0.000
0.000
0.000
0.000
0.000
0.007
0.084
0.208
0.357
0.556
0.717
0.726
0.643
0.540
0.345
0.174
0.032
0.000
0.000
0.000
0.000
0.000
0.000
0.000
0.000
0.000
0.000
0.000
0.000
0.012
0.056
0.162
0.265
0.363
0.428
0.506
0.487
0.444
0.338
0.183
0.037
0.000
0.000
0.000
0.000
0.000
0.000
0.000
0.000
0.000
0.000
0.000
0.000
0.027
0.240
0.612
1.009
1.325
1.425
1.214
0.993
0.742
0.475
0.201
0.030
0.000
0.000
0.000
0.000
0.000
0.000
0.000
0.000
0.000
0.000
0.000
0.000
0.040
0.211
0.568
0.984
1.313
1.462
1.375
1.136
0.807
0.525
0.224
0.014
0.000
0.000
0.000
0.000
0.000
0.000
0.000
0.000
0.000
0.000
0.000
0.000
0.023
0.149
0.372
0.580
0.670
0.695
0.658
0.593
0.463
0.285
0.120
0.033
0.000
0.000
0.000
0.000
0.000
0.000
0.000
0.000
0.000
0.000
0.000
0.000
0.007
0.106
0.357
0.683
0.909
1.052
1.142
1.086
0.851
0.512
0.173
0.016
0.000
0.000
0.000
0.000
0.000
0.000
0.000
0.000
0.000
0.000
0.000
0.000
0.014
0.145
0.490
0.863
1.058
1.108
1.164
1.121
0.909
0.587
0.220
0.038
0.000
0.000
0.000
0.000
0.000
0.000
0.000
0.000
0.000
0.000
0.000
0.000
0.020
0.132
0.438
0.729
0.922
0.962
0.823
0.599
0.425
0.273
0.102
0.026
0.000
0.000
0.000
0.000
0.000
0.000
0.000
0.000
0.000
0.000
0.000
0.000
0.000
0.160
0.528
0.937
1.192
1.149
1.003
0.847
0.655
0.428
0.164
0.010
0.000
0.000
0.000
0.000
0.000
0.000
0.000
0.000
0.000
0.000
0.000
0.000
0.000
0.071
0.272
0.490
0.670
0.658
0.615
0.546
0.425
0.240
0.091
0.000
0.000
0.000
0.000
0.000
0.000
0.000
0.000
0.000
0.000
0.000
0.000
0.000
0.000
0.028
0.121
0.247
0.369
0.435
0.379
0.341
0.246
0.153
0.058
0.000
0.000
0.000
0.000
0.000
0.000
0.000
0.000
0.000
0.000
0.000
0.000
0.000
0.000
0.038
0.174
0.369
0.515
0.540
0.497
0.394
0.305
0.187
0.079
0.000
0.000
0.000
0.000
0.000
0.000
0.000
0.000
0.000
0.000
0.000
0.000
0.000
0.000
0.043
0.151
0.299
0.428
0.494
0.521
0.487
0.332
0.204
0.068
0.000
0.000
0.000
0.000
0.000
0.000
0.000
0.000
0.000
0.000
0.000
0.000
0.000
0.000
0.045
0.186
0.335
0.497
0.602
0.615
0.577
0.444
0.258
0.074
0.000
0.000
0.000
0.000
0.000
0.000
0.000
0.000
0.000
0.000
0.000
0.000
0.000
0.000
0.097
0.376
0.692
1.021
1.242
1.270
1.062
0.798
0.413
0.113
0.000
0.000
0.000
0.000
0.000
0.000
0.000
0.000
0.000
0.000
0.000
0.000
0.000
0.000
0.012
0.067
0.149
0.233
0.376
0.397
0.357
0.261
0.140
0.042
0.000
0.000
0.000
0.000
0.000
0.000
0.000
0.000
0.000
0.000
0.000
0.000
0.000
0.000
0.045
0.237
0.348
0.509
0.559
0.627
0.577
0.478
0.323
0.103
0.000
0.000
0.000
0.000
0.000
0.000
0.000
0.000
0.000
0.000
0.000
0.000
0.000
0.000
0.034
0.125
0.269
0.400
0.450
0.366
0.289
0.192
0.104
0.027
0.000
0.000
0.000
0.000
0.000
0.000
0.000
0.000
0.000
0.000
0.000
0.000
0.000
0.000
0.010
0.059
0.141
0.195
0.268
0.290
0.296
0.323
0.264
0.093
0.000
0.000
0.000
0.000
0.000
0.000
0.000
0.000
0.000
0.000
0.000
0.000
0.000
0.000
0.083
0.275
0.556
0.872
1.080
1.068
0.878
0.643
0.391
0.095
0.000
0.000
0.000
0.000
0.000
0.000
0.000
0.000
0.000
0.000
0.000
0.000
0.000
0.000
0.047
0.292
0.593
0.773
0.872
0.872
0.847
0.633
0.323
0.050
0.000
0.000
0.000
0.000
0.000
0.000
0.000
0.000
0.000
0.000
0.000
0.000
0.000
0.000
0.020
0.099
0.213
0.394
0.556
0.627
0.540
0.354
0.149
0.029
0.000
0.000
0.000
0.000
0.000
0.000
0.000
0.000
0.000
0.000
0.000
0.000
0.000
0.000
0.011
0.073
0.231
0.407
0.515
0.627
0.643
0.556
0.345
0.085
0.000
0.000
0.000
0.000
0.000
0.000
0.000
0.000
0.000
0.000
0.000
0.000
0.000
0.000
0.041
0.146
0.251
0.310
0.317
0.338
0.291
0.251
0.136
0.036
0.000
0.000
0.000
0.000
0.000
0.000
0.000
0.000
0.000
0.000
0.000
0.000
0.000
0.000
0.019
0.038
0.099
0.199
0.332
0.391
0.410
0.268
0.122
0.025
0.000
0.000
0.000
0.000
0.000
0.000
0.000
0.000
0.000
0.000
0.000
0.000
0.000
0.000
0.023
0.127
0.259
0.447
0.742
0.959
0.909
0.695
0.366
0.075
0.000
0.000
0.000
0.000
0.000
0.000
0.000
0.000
0.000
0.000
0.000
0.000
0.000
0.000
0.028
0.204
0.463
0.708
0.888
0.944
0.900
0.655
0.332
0.047
0.000
0.000
0.000
0.000
0.000
0.000
0.000
0.000
0.000
0.000
0.000
0.000
0.000
0.000
0.017
0.120
0.276
0.410
0.503
0.540
0.506
0.397
0.209
0.035
0.000
0.000
0.000
0.000
0.000
0.000
0.000
0.000
0.000
0.000
0.000
0.000
0.000
0.000
0.018
0.063
0.164
0.273
0.282
0.256
0.222
0.157
0.078
0.014
0.000
0.000
0.000
0.000
0.000
0.000
0.000
0.000
0.000
0.000
0.000
0.000
0.000
0.000
0.018
0.064
0.167
0.264
0.300
0.278
0.228
0.187
0.087
0.018
0.000
0.000
0.000
0.000
0.000
0.000
0.000
0.000
0.000
0.000
0.000
0.000
0.000
0.000
0.009
0.058
0.111
0.138
0.165
0.135
0.107
0.073
0.049
0.015
0.000
0.000
0.000
0.000
0.000
0.000
0.000
0.000
0.000
0.000
0.000
0.000
0.000
0.000
0.004
0.040
0.094
0.126
0.154
0.160
0.147
0.102
0.058
0.025
0.000
0.000
0.000
0.000
0.000
0.000
0.000
0.000
0.000
0.000
0.000
0.000
0.000
0.000
0.018
0.024
0.055
0.102
0.163
0.320
0.351
0.320
0.208
0.026
0.000
0.000
0.000
0.000
0.000
0.000
0.000
0.000
0.000
0.000
0.000
0.000
0.000
0.000
0.023
0.085
0.127
0.169
0.195
0.150
0.109
0.075
0.036
0.003
0.000
0.000
0.000
0.000
0.000
0.000
0.000
0.000
0.000
0.000
0.000
0.000
0.000
0.000
0.016
0.074
0.208
0.382
0.285
0.323
0.204
0.153
0.059
0.013
0.000
0.000
0.000
0.000
0.000
0.000
0.000
0.000
0.000
0.000
0.000
0.000
0.000
0.000
0.012
0.058
0.154
0.205
0.264
0.259
0.224
0.151
0.048
0.014
0.000
0.000
0.000
0.000
0.000
0.000
0.000
0.000
0.000
0.000
0.000
0.000
0.000
0.000
0.011
0.077
0.218
0.363
0.428
0.363
0.272
0.176
0.079
0.012
0.000
0.000
0.000
0.000
0.000
0.000
0.000
0.000
0.000
0.000
0.000
0.000
0.000
0.000
0.017
0.175
0.435
0.624
0.670
0.624
0.453
0.196
0.052
0.002
0.000
0.000
0.000
0.000
0.000
0.000
0.000
0.000
0.000
0.000
0.000
0.000
0.000
0.000
0.010
0.160
0.329
0.506
0.726
0.941
0.844
0.553
0.242
0.016
0.000
0.000
0.000
0.000
0.000
0.000
0.000
0.000
0.000
0.000
0.000
0.000
0.000
0.000
0.000
0.036
0.106
0.203
0.229
0.206
0.113
0.065
0.029
0.000
0.000
0.000
0.000
0.000
0.000
0.000
0.000
0.000
0.000
0.000
0.000
0.000
0.000
0.000
0.000
0.048
0.160
0.243
0.285
0.289
0.254
0.179
0.058
0.000
0.000
0.000
0.000
0.000
0.000
0.000
0.000
0.000
0.000
0.000
0.000
0.000
0.000
0.000
0.013
0.051
0.244
0.497
0.559
0.574
0.481
0.282
0.080
0.000
0.000
0.000
0.000
0.000
0.000
0.000
0.000
0.000
0.000
0.000
0.000
0.000
0.000
0.000
0.000
0.051
0.120
0.161
0.165
0.143
0.115
0.104
0.064
0.005
0.000
0.000
0.000
0.000
0.000
0.000
0.000
0.000
0.000
0.000
0.000
0.000
0.000
0.000
0.016
0.119
0.335
0.431
0.456
0.391
0.306
0.187
0.079
0.009
0.000
0.000
0.000
0.000
0.000
0.000
0.000
0.000
0.000
0.000
0.000
0.000
0.000
0.000
0.000
0.035
0.121
0.192
0.220
0.230
0.208
0.178
0.064
0.000
0.000
0.000
0.000
0.000
0.000
0.000
0.000
0.000
0.000
0.000
0.000
0.000
0.000
0.000
0.000
0.029
0.133
0.284
0.450
0.577
0.608
0.425
0.151
0.031
0.000
0.000
0.000
0.000
0.000
0.000
0.000
0.000
0.000
0.000
0.000
0.000
0.000
0.000
0.000
0.062
0.351
0.680
0.968
1.021
0.823
0.456
0.120
0.000
0.000
0.000
0.000
0.000
0.000
0.000
0.000
0.000
0.000
0.000
0.000
0.000
0.000
0.000
0.000
0.083
0.278
0.525
0.664
0.705
0.553
0.259
0.097
0.016
0.000
0.000
0.000
0.000
0.000
0.000
0.000
0.000
0.000
0.000
0.000
0.000
0.000
0.000
0.000
0.092
0.329
0.587
0.695
0.587
0.494
0.243
0.059
0.000
0.000
0.000
0.000
0.000
0.000
0.000
0.000
0.000
0.000
0.000
0.000
0.000
0.000
0.000
0.000
0.034
0.100
0.149
0.166
0.195
0.201
0.157
0.056
0.000
0.000
0.000
0.000
0.000
0.000
0.000
0.000
0.000
0.000
0.000
0.000
0.000
0.000
0.000
0.000
0.050
0.142
0.351
0.543
0.615
0.509
0.335
0.105
0.000
0.000
0.000
0.000
0.000
0.000
0.000
0.000
0.000
0.000
0.000
0.000
0.000
0.000
0.000
0.000
0.051
0.238
0.379
0.478
0.413
0.296
0.165
0.050
0.000
0.000
0.000
0.000
0.000
0.000
0.000
0.000
0.000
0.000
0.000
0.000
0.000
0.000
0.000
0.000
0.022
0.102
0.189
0.267
0.314
0.214
0.125
0.037
0.000
0.000
0.000
0.000
0.000
0.000
0.000
0.000
0.000
0.000
0.000
0.000
0.000
0.000
0.000
0.000
0.105
0.363
0.416
0.285
0.170
0.122
0.080
0.033
0.000
0.000
0.000
0.000
0.000
0.000
0.000
0.000
0.000
0.000
0.000
0.000
0.000
0.000
0.000
0.000
0.020
0.067
0.146
0.178
0.192
0.140
0.079
0.023
0.000
0.000
0.000
0.000
0.000
0.000
0.000
0.000
0.000
0.000
0.000
0.000
0.000
0.000
0.000
0.000
0.023
0.081
0.141
0.154
0.166
0.127
0.075
0.020
0.000
0.000
0.000
0.000
0.000
0.000
0.000
0.000
0.000
0.000
0.000
0.000
0.000
0.000
0.000
0.000
0.022
0.090
0.185
0.323
0.391
0.329
0.162
0.043
0.000
0.000
0.000
0.000
0.000
0.000
0.000
0.000
0.000
0.000
0.000
0.000
0.000
0.000
0.000
0.000
0.031
0.221
0.400
0.453
0.416
0.320
0.165
0.039
0.000
0.000
0.000
0.000
0.000
0.000
0.000
0.000
0.000
0.000
0.000
0.000
0.000
0.000
0.000
0.000
0.019
0.054
0.089
0.105
0.118
0.112
0.094
0.027
0.000
0.000
0.000
0.000
0.000
0.000
0.000
0.000
0.000
0.000
0.000
0.000
0.000
0.000
0.000
0.000
0.062
0.338
0.596
0.708
0.627
0.459
0.227
0.065
0.000
0.000
0.000
0.000
0.000
0.000
0.000
0.000
0.000
0.000
0.000
0.000
0.000
0.000
0.000
0.000
0.015
0.075
0.102
0.132
0.149
0.138
0.094
0.031
0.000
0.000
0.000
0.000
0.000
0.000
0.000
0.000
0.000
0.000
0.000
0.000
0.000
0.000
0.000
0.000
0.043
0.127
0.183
0.243
0.217
0.201
0.115
0.032
0.000
0.000
0.000
0.000
0.000
0.000
0.000
0.000
0.000
0.000
0.000
0.000
0.000
0.000
0.000
0.000
0.016
0.079
0.205
0.382
0.450
0.447
0.305
0.091
0.000
0.000
0.000
0.000
0.000
0.000
0.000
0.000
0.000
0.000
0.000
0.000
0.000
0.000
0.000
0.000
0.013
0.091
0.272
0.463
0.540
0.562
0.385
0.097
0.000
0.000
0.000
0.000
0.000
0.000
0.000
0.000
0.000
0.000
0.000
0.000
0.000
0.000
0.000
0.000
0.044
0.314
0.593
0.761
0.757
0.590
0.320
0.072
0.000
0.000
0.000
0.000
0.000
0.000
0.000
0.000
0.000
0.000
0.000
0.000
0.000
0.000
0.000
0.000
0.024
0.093
0.179
0.234
0.243
0.209
0.106
0.025
0.000
0.000
0.000
0.000
0.000
0.000
0.000
0.000
0.000
0.000
0.000
0.000
0.000
0.000
0.000
0.000
0.022
0.074
0.180
0.242
0.310
0.329
0.212
0.064
0.000
0.000
0.000
0.000
0.000
0.000
0.000
0.000
0.000
0.000
0.000
0.000
0.000
0.000
0.000
0.000
0.013
0.035
0.075
0.105
0.109
0.092
0.053
0.018
0.000
0.000
0.000
0.000
0.000
0.000
0.000
0.000
0.000
0.000
0.000
0.000
0.000
0.000
0.000
0.000
0.010
0.064
0.145
0.190
0.170
0.135
0.080
0.030
0.000
0.000
0.000
0.000
0.000
0.000
0.000
0.000
0.000
0.000
0.000
0.000
0.000
0.000
0.000
0.000
0.007
0.054
0.125
0.197
0.210
0.179
0.104
0.035
0.000
0.000
0.000
0.000
0.000
0.000
0.000
0.000
0.000
0.000
0.000
0.000
0.000
0.000
0.000
0.000
0.013
0.036
0.070
0.083
0.078
0.059
0.031
0.011
0.000
0.000
0.000
0.000
0.000
0.000
0.000
0.000
0.000
0.000
0.000
0.000
0.000
0.000
0.000
0.000
0.013
0.073
0.160
0.235
0.211
0.172
0.106
0.031
0.000
0.000
0.000
0.000
0.000
0.000
0.000
0.000
0.000
0.000
0.000
0.000
0.000
0.000
0.000
0.000
0.009
0.066
0.138
0.207
0.206
0.147
0.082
0.035
0.000
0.000
0.000
0.000
0.000
0.000
0.000
0.000
0.000
0.000
0.000
0.000
0.000
0.000
0.000
0.000
0.012
0.102
0.226
0.249
0.239
0.189
0.109
0.034
0.000
0.000
0.000
0.000
0.000
0.000
0.000
0.000
0.000
0.000
0.000
0.000
0.000
0.000
0.000
0.000
0.011
0.067
0.186
0.264
0.237
0.159
0.103
0.039
0.000
0.000
0.000
0.000
0.000
0.000
0.000
0.000
0.000
0.000
0.000
0.000
0.000
0.000
0.000
0.000
0.009
0.121
0.335
0.456
0.441
0.382
0.230
0.073
0.000
0.000
0.000
0.000
0.000
0.000
0.000
0.000
0.000
0.000
0.000
0.000
0.000
0.000
0.000
0.000
0.019
0.183
0.193
0.147
0.115
0.125
0.154
0.056
0.000
0.000
0.000
0.000
0.000
0.000
0.000
0.000
0.000
0.000
0.000
0.000
0.000
0.000
0.000
0.000
0.018
0.047
0.126
0.169
0.161
0.126
0.071
0.020
0.000
0.000
0.000
0.000
0.000
0.000
0.000
0.000
0.000
0.000
0.000
0.000
0.000
0.000
0.000
0.000
0.016
0.267
0.593
0.832
0.826
0.636
0.338
0.084
0.000
0.000
0.000
0.000
0.000
0.000
0.000
0.000
0.000
0.000
0.000
0.000
0.000
0.000
0.000
0.000
0.012
0.074
0.135
0.204
0.382
0.500
0.410
0.115
0.000
0.000
0.000
0.000
0.000
0.000
0.000
0.000
0.000
0.000
0.000
0.000
0.000
0.000
0.000
0.000
0.024
0.060
0.091
0.094
0.098
0.073
0.052
0.017
0.000
0.000
0.000
0.000
0.000
0.000
0.000
0.000
0.000
0.000
0.000
0.000
0.000
0.000
0.000
0.000
0.033
0.063
0.148
0.200
0.194
0.176
0.114
0.040
0.000
0.000
0.000
0.000
0.000
0.000
0.000
0.000
0.000
0.000
0.000
0.000
0.000
0.000
0.000
0.000
0.000
0.062
0.173
0.249
0.253
0.212
0.115
0.032
0.000
0.000
0.000
0.000
0.000
0.000
0.000
0.000
0.000
0.000
0.000
0.000
0.000
0.000
0.000
0.000
0.023
0.151
0.360
0.528
0.500
0.283
0.156
0.055
0.000
0.000
0.000
0.000
0.000
0.000
0.000
0.000
0.000
0.000
0.000
0.000
0.000
0.000
0.000
0.000
0.015
0.150
0.515
0.754
0.826
0.683
0.397
0.119
0.000
0.000
0.000
0.000
0.000
0.000
0.000
0.000
0.000
0.000
0.000
0.000
0.000
0.000
0.000
0.000
0.007
0.037
0.092
0.149
0.154
0.101
0.052
0.014
0.000
0.000
0.000
0.000
0.000
0.000
0.000
0.000
0.000
0.000
0.000
0.000
0.000
0.000
0.000
0.000
0.014
0.256
0.584
0.729
0.689
0.537
0.276
0.054
0.000
0.000
0.000
0.000
0.000
0.000
0.000
0.000
