0.406
0.295
0.279
0.294
0.310
0.452
1.036
2.126
1.955
1.607
1.242
1.113
1.061
1.121
1.148
1.252
1.600
2.083
1.927
1.895
1.735
1.593
1.212
0.642
0.406
0.295
0.279
0.294
0.310
0.452
1.036
2.126
1.955
1.607
1.242
1.113
1.061
1.121
1.148
1.252
1.600
2.083
1.927
1.895
1.735
1.593
1.212
0.642
0.406
0.295
0.279
0.294
0.310
0.452
1.036
2.126
1.955
1.607
1.242
1.113
1.061
1.121
1.148
1.252
1.600
2.083
1.927
1.895
1.735
1.593
1.212
0.642
0.406
0.295
0.279
0.294
0.310
0.452
1.036
2.126
1.955
1.607
1.242
1.113
1.061
1.121
1.148
1.252
1.600
2.083
1.927
1.895
1.735
1.593
1.212
0.642
0.406
0.295
0.279
0.294
0.310
0.452
1.036
2.126
1.955
1.607
1.242
1.113
1.061
1.121
1.148
1.252
1.600
2.083
1.927
1.895
1.735
1.593
1.212
0.642
0.406
0.295
0.279
0.294
0.310
0.452
1.036
2.126
1.955
1.607
1.242
1.113
1.061
1.121
1.148
1.252
1.600
2.083
1.927
1.895
1.735
1.593
1.212
0.642
0.406
0.295
0.279
0.294
0.310
0.452
1.036
2.126
1.955
1.607
1.242
1.113
1.061
1.121
1.148
1.252
1.600
2.083
1.927
1.895
1.735
1.593
1.212
0.642
0.406
0.295
0.279
0.294
0.310
0.452
1.036
2.126
1.955
1.607
1.242
1.113
1.061
1.121
1.148
1.252
1.600
2.083
1.927
1.895
1.735
1.593
1.212
0.642
0.406
0.295
0.279
0.294
0.310
0.452
1.036
2.126
1.955
1.607
1.242
1.113
1.061
1.121
1.148
1.252
1.600
2.083
1.927
1.895
1.735
1.593
1.212
0.642
0.406
0.295
0.279
0.294
0.310
0.452
1.036
2.126
1.955
1.607
1.242
1.113
1.061
1.121
1.148
1.252
1.600
2.083
1.927
1.895
1.735
1.593
1.212
0.642
0.406
0.295
0.279
0.294
0.310
0.452
1.036
2.126
1.955
1.607
1.242
1.113
1.061
1.121
1.148
1.252
1.600
2.083
1.927
1.895
1.735
1.593
1.212
0.642
0.406
0.295
0.279
0.294
0.310
0.452
1.036
2.126
1.955
1.607
1.242
1.113
1.061
1.121
1.148
1.252
1.600
2.083
1.927
1.895
1.735
1.593
1.212
0.642
0.406
0.295
0.279
0.294
0.310
0.452
1.036
2.126
1.955
1.607
1.242
1.113
1.061
1.121
1.148
1.252
1.600
2.083
1.927
1.895
1.735
1.593
1.212
0.642
0.406
0.295
0.279
0.294
0.310
0.452
1.036
2.126
1.955
1.607
1.242
1.113
1.061
1.121
1.148
1.252
1.600
2.083
1.927
1.895
1.735
1.593
1.212
0.642
0.406
0.295
0.279
0.294
0.310
0.452
1.036
2.126
1.955
1.607
1.242
1.113
1.061
1.121
1.148
1.252
1.600
2.083
1.927
1.895
1.735
1.593
1.212
0.642
0.406
0.295
0.279
0.294
0.310
0.452
1.036
2.126
1.955
1.607
1.242
1.113
1.061
1.121
1.148
1.252
1.600
2.083
1.927
1.895
1.735
1.593
1.212
0.642
0.406
0.295
0.279
0.294
0.310
0.452
1.036
2.126
1.955
1.607
1.242
1.113
1.061
1.121
1.148
1.252
1.600
2.083
1.927
1.895
1.735
1.593
1.212
0.642
0.406
0.295
0.279
0.294
0.310
0.452
1.036
2.126
1.955
1.607
1.242
1.113
1.061
1.121
1.148
1.252
1.600
2.083
1.927
1.895
1.735
1.593
1.212
0.642
0.406
0.295
0.279
0.294
0.310
0.452
1.036
2.126
1.955
1.607
1.242
1.113
1.061
1.121
1.148
1.252
1.600
2.083
1.927
1.895
1.735
1.593
1.212
0.642
0.406
0.295
0.279
0.294
0.310
0.452
1.036
2.126
1.955
1.607
1.242
1.113
1.061
1.121
1.148
1.252
1.600
2.083
1.927
1.895
1.735
1.593
1.212
0.642
0.406
0.295
0.279
0.294
0.310
0.452
1.036
2.126
1.955
1.607
1.242
1.113
1.061
1.121
1.148
1.252
1.600
2.083
1.927
1.895
1.735
1.593
1.212
0.642
0.406
0.295
0.279
0.294
0.310
0.452
1.036
2.126
1.955
1.607
1.242
1.113
1.061
1.121
1.148
1.252
1.600
2.083
1.927
1.895
1.735
1.593
1.212
0.642
0.406
0.295
0.279
0.294
0.310
0.452
1.036
2.126
1.955
1.607
1.242
1.113
1.061
1.121
1.148
1.252
1.600
2.083
1.927
1.895
1.735
1.593
1.212
0.642
0.406
0.295
0.279
0.294
0.310
0.452
1.036
2.126
1.955
1.607
1.242
1.113
1.061
1.121
1.148
1.252
1.600
2.083
1.927
1.895
1.735
1.593
1.212
0.642
0.406
0.295
0.279
0.294
0.310
0.452
1.036
2.126
1.955
1.607
1.242
1.113
1.061
1.121
1.148
1.252
1.600
2.083
1.927
1.895
1.735
1.593
1.212
0.642
0.406
0.295
0.279
0.294
0.310
0.452
1.036
2.126
1.955
1.607
1.242
1.113
1.061
1.121
1.148
1.252
1.600
2.083
1.927
1.895
1.735
1.593
1.212
0.642
0.406
0.295
0.279
0.294
0.310
0.452
1.036
2.126
1.955
1.607
1.242
1.113
1.061
1.121
1.148
1.252
1.600
2.083
1.927
1.895
1.735
1.593
1.212
0.642
0.406
0.295
0.279
0.294
0.310
0.452
1.036
2.126
1.955
1.607
1.242
1.113
1.061
1.121
1.148
1.252
1.600
2.083
1.927
1.895
1.735
1.593
1.212
0.642
0.406
0.295
0.279
0.294
0.310
0.452
1.036
2.126
1.955
1.607
1.242
1.113
1.061
1.121
1.148
1.252
1.600
2.083
1.927
1.895
1.735
1.593
1.212
0.642
0.406
0.295
0.279
0.294
0.310
0.452
1.036
2.126
1.955
1.607
1.242
1.113
1.061
1.121
1.148
1.252
1.600
2.083
1.927
1.895
1.735
1.593
1.212
0.642
0.406
0.295
0.279
0.294
0.310
0.452
1.036
2.126
1.955
1.607
1.242
1.113
1.061
1.121
1.148
1.252
1.600
2.083
1.927
1.895
1.735
1.593
1.212
0.642
0.345
0.228
0.220
0.227
0.255
0.423
1.007
2.057
1.918
1.463
1.056
0.906
0.872
0.931
0.925
1.027
1.367
1.923
1.857
1.794
1.606
1.466
1.078
0.567
0.345
0.228
0.220
0.227
0.255
0.423
1.007
2.057
1.918
1.463
1.056
0.906
0.872
0.931
0.925
1.027
1.367
1.923
1.857
1.794
1.606
1.466
1.078
0.567
0.345
0.228
0.220
0.227
0.255
0.423
1.007
2.057
1.918
1.463
1.056
0.906
0.872
0.931
0.925
1.027
1.367
1.923
1.857
1.794
1.606
1.466
1.078
0.567
0.345
0.228
0.220
0.227
0.255
0.423
1.007
2.057
1.918
1.463
1.056
0.906
0.872
0.931
0.925
1.027
1.367
1.923
1.857
1.794
1.606
1.466
1.078
0.567
0.345
0.228
0.220
0.227
0.255
0.423
1.007
2.057
1.918
1.463
1.056
0.906
0.872
0.931
0.925
1.027
1.367
1.923
1.857
1.794
1.606
1.466
1.078
0.567
0.345
0.228
0.220
0.227
0.255
0.423
1.007
2.057
1.918
1.463
1.056
0.906
0.872
0.931
0.925
1.027
1.367
1.923
1.857
1.794
1.606
1.466
1.078
0.567
0.345
0.228
0.220
0.227
0.255
0.423
1.007
2.057
1.918
1.463
1.056
0.906
0.872
0.931
0.925
1.027
1.367
1.923
1.857
1.794
1.606
1.466
1.078
0.567
0.345
0.228
0.220
0.227
0.255
0.423
1.007
2.057
1.918
1.463
1.056
0.906
0.872
0.931
0.925
1.027
1.367
1.923
1.857
1.794
1.606
1.466
1.078
0.567
0.345
0.228
0.220
0.227
0.255
0.423
1.007
2.057
1.918
1.463
1.056
0.906
0.872
0.931
0.925
1.027
1.367
1.923
1.857
1.794
1.606
1.466
1.078
0.567
0.345
0.228
0.220
0.227
0.255
0.423
1.007
2.057
1.918
1.463
1.056
0.906
0.872
0.931
0.925
1.027
1.367
1.923
1.857
1.794
1.606
1.466
1.078
0.567
0.345
0.228
0.220
0.227
0.255
0.423
1.007
2.057
1.918
1.463
1.056
0.906
0.872
0.931
0.925
1.027
1.367
1.923
1.857
1.794
1.606
1.466
1.078
0.567
0.345
0.228
0.220
0.227
0.255
0.423
1.007
2.057
1.918
1.463
1.056
0.906
0.872
0.931
0.925
1.027
1.367
1.923
1.857
1.794
1.606
1.466
1.078
0.567
0.345
0.228
0.220
0.227
0.255
0.423
1.007
2.057
1.918
1.463
1.056
0.906
0.872
0.931
0.925
1.027
1.367
1.923
1.857
1.794
1.606
1.466
1.078
0.567
0.345
0.228
0.220
0.227
0.255
0.423
1.007
2.057
1.918
1.463
1.056
0.906
0.872
0.931
0.925
1.027
1.367
1.923
1.857
1.794
1.606
1.466
1.078
0.567
0.345
0.228
0.220
0.227
0.255
0.423
1.007
2.057
1.918
1.463
1.056
0.906
0.872
0.931
0.925
1.027
1.367
1.923
1.857
1.794
1.606
1.466
1.078
0.567
0.345
0.228
0.220
0.227
0.255
0.423
1.007
2.057
1.918
1.463
1.056
0.906
0.872
0.931
0.925
1.027
1.367
1.923
1.857
1.794
1.606
1.466
1.078
0.567
0.345
0.228
0.220
0.227
0.255
0.423
1.007
2.057
1.918
1.463
1.056
0.906
0.872
0.931
0.925
1.027
1.367
1.923
1.857
1.794
1.606
1.466
1.078
0.567
0.345
0.228
0.220
0.227
0.255
0.423
1.007
2.057
1.918
1.463
1.056
0.906
0.872
0.931
0.925
1.027
1.367
1.923
1.857
1.794
1.606
1.466
1.078
0.567
0.345
0.228
0.220
0.227
0.255
0.423
1.007
2.057
1.918
1.463
1.056
0.906
0.872
0.931
0.925
1.027
1.367
1.923
1.857
1.794
1.606
1.466
1.078
0.567
0.345
0.228
0.220
0.227
0.255
0.423
1.007
2.057
1.918
1.463
1.056
0.906
0.872
0.931
0.925
1.027
1.367
1.923
1.857
1.794
1.606
1.466
1.078
0.567
0.345
0.228
0.220
0.227
0.255
0.423
1.007
2.057
1.918
1.463
1.056
0.906
0.872
0.931
0.925
1.027
1.367
1.923
1.857
1.794
1.606
1.466
1.078
0.567
0.345
0.228
0.220
0.227
0.255
0.423
1.007
2.057
1.918
1.463
1.056
0.906
0.872
0.931
0.925
1.027
1.367
1.923
1.857
1.794
1.606
1.466
1.078
0.567
0.345
0.228
0.220
0.227
0.255
0.423
1.007
2.057
1.918
1.463
1.056
0.906
0.872
0.931
0.925
1.027
1.367
1.923
1.857
1.794
1.606
1.466
1.078
0.567
0.345
0.228
0.220
0.227
0.255
0.423
1.007
2.057
1.918
1.463
1.056
0.906
0.872
0.931
0.925
1.027
1.367
1.923
1.857
1.794
1.606
1.466
1.078
0.567
0.345
0.228
0.220
0.227
0.255
0.423
1.007
2.057
1.918
1.463
1.056
0.906
0.872
0.931
0.925
1.027
1.367
1.923
1.857
1.794
1.606
1.466
1.078
0.567
0.345
0.228
0.220
0.227
0.255
0.423
1.007
2.057
1.918
1.463
1.056
0.906
0.872
0.931
0.925
1.027
1.367
1.923
1.857
1.794
1.606
1.466
1.078
0.567
0.345
0.228
0.220
0.227
0.255
0.423
1.007
2.057
1.918
1.463
1.056
0.906
0.872
0.931
0.925
1.027
1.367
1.923
1.857
1.794
1.606
1.466
1.078
0.567
0.345
0.228
0.220
0.227
0.255
0.423
1.007
2.057
1.918
1.463
1.056
0.906
0.872
0.931
0.925
1.027
1.367
1.923
1.857
1.794
1.606
1.466
1.078
0.567
0.214
0.129
0.122
0.130
0.152
0.319
0.902
1.812
1.555
1.033
0.597
0.437
0.456
0.456
0.463
0.559
0.911
1.444
1.446
1.417
1.273
1.124
0.816
0.375
0.214
0.129
0.122
0.130
0.152
0.319
0.902
1.812
1.555
1.033
0.597
0.437
0.456
0.456
0.463
0.559
0.911
1.444
1.446
1.417
1.273
1.124
0.816
0.375
0.214
0.129
0.122
0.130
0.152
0.319
0.902
1.812
1.555
1.033
0.597
0.437
0.456
0.456
0.463
0.559
0.911
1.444
1.446
1.417
1.273
1.124
0.816
0.375
0.214
0.129
0.122
0.130
0.152
0.319
0.902
1.812
1.555
1.033
0.597
0.437
0.456
0.456
0.463
0.559
0.911
1.444
1.446
1.417
1.273
1.124
0.816
0.375
0.214
0.129
0.122
0.130
0.152
0.319
0.902
1.812
1.555
1.033
0.597
0.437
0.456
0.456
0.463
0.559
0.911
1.444
1.446
1.417
1.273
1.124
0.816
0.375
0.214
0.129
0.122
0.130
0.152
0.319
0.902
1.812
1.555
1.033
0.597
0.437
0.456
0.456
0.463
0.559
0.911
1.444
1.446
1.417
1.273
1.124
0.816
0.375
0.214
0.129
0.122
0.130
0.152
0.319
0.902
1.812
1.555
1.033
0.597
0.437
0.456
0.456
0.463
0.559
0.911
1.444
1.446
1.417
1.273
1.124
0.816
0.375
0.214
0.129
0.122
0.130
0.152
0.319
0.902
1.812
1.555
1.033
0.597
0.437
0.456
0.456
0.463
0.559
0.911
1.444
1.446
1.417
1.273
1.124
0.816
0.375
0.214
0.129
0.122
0.130
0.152
0.319
0.902
1.812
1.555
1.033
0.597
0.437
0.456
0.456
0.463
0.559
0.911
1.444
1.446
1.417
1.273
1.124
0.816
0.375
0.214
0.129
0.122
0.130
0.152
0.319
0.902
1.812
1.555
1.033
0.597
0.437
0.456
0.456
0.463
0.559
0.911
1.444
1.446
1.417
1.273
1.124
0.816
0.375
0.214
0.129
0.122
0.130
0.152
0.319
0.902
1.812
1.555
1.033
0.597
0.437
0.456
0.456
0.463
0.559
0.911
1.444
1.446
1.417
1.273
1.124
0.816
0.375
0.214
0.129
0.122
0.130
0.152
0.319
0.902
1.812
1.555
1.033
0.597
0.437
0.456
0.456
0.463
0.559
0.911
1.444
1.446
1.417
1.273
1.124
0.816
0.375
0.214
0.129
0.122
0.130
0.152
0.319
0.902
1.812
1.555
1.033
0.597
0.437
0.456
0.456
0.463
0.559
0.911
1.444
1.446
1.417
1.273
1.124
0.816
0.375
0.214
0.129
0.122
0.130
0.152
0.319
0.902
1.812
1.555
1.033
0.597
0.437
0.456
0.456
0.463
0.559
0.911
1.444
1.446
1.417
1.273
1.124
0.816
0.375
0.214
0.129
0.122
0.130
0.152
0.319
0.902
1.812
1.555
1.033
0.597
0.437
0.456
0.456
0.463
0.559
0.911
1.444
1.446
1.417
1.273
1.124
0.816
0.375
0.214
0.129
0.122
0.130
0.152
0.319
0.902
1.812
1.555
1.033
0.597
0.437
0.456
0.456
0.463
0.559
0.911
1.444
1.446
1.417
1.273
1.124
0.816
0.375
0.214
0.129
0.122
0.130
0.152
0.319
0.902
1.812
1.555
1.033
0.597
0.437
0.456
0.456
0.463
0.559
0.911
1.444
1.446
1.417
1.273
1.124
0.816
0.375
0.214
0.129
0.122
0.130
0.152
0.319
0.902
1.812
1.555
1.033
0.597
0.437
0.456
0.456
0.463
0.559
0.911
1.444
1.446
1.417
1.273
1.124
0.816
0.375
0.214
0.129
0.122
0.130
0.152
0.319
0.902
1.812
1.555
1.033
0.597
0.437
0.456
0.456
0.463
0.559
0.911
1.444
1.446
1.417
1.273
1.124
0.816
0.375
0.214
0.129
0.122
0.130
0.152
0.319
0.902
1.812
1.555
1.033
0.597
0.437
0.456
0.456
0.463
0.559
0.911
1.444
1.446
1.417
1.273
1.124
0.816
0.375
0.214
0.129
0.122
0.130
0.152
0.319
0.902
1.812
1.555
1.033
0.597
0.437
0.456
0.456
0.463
0.559
0.911
1.444
1.446
1.417
1.273
1.124
0.816
0.375
0.214
0.129
0.122
0.130
0.152
0.319
0.902
1.812
1.555
1.033
0.597
0.437
0.456
0.456
0.463
0.559
0.911
1.444
1.446
1.417
1.273
1.124
0.816
0.375
0.214
0.129
0.122
0.130
0.152
0.319
0.902
1.812
1.555
1.033
0.597
0.437
0.456
0.456
0.463
0.559
0.911
1.444
1.446
1.417
1.273
1.124
0.816
0.375
0.214
0.129
0.122
0.130
0.152
0.319
0.902
1.812
1.555
1.033
0.597
0.437
0.456
0.456
0.463
0.559
0.911
1.444
1.446
1.417
1.273
1.124
0.816
0.375
0.214
0.129
0.122
0.130
0.152
0.319
0.902
1.812
1.555
1.033
0.597
0.437
0.456
0.456
0.463
0.559
0.911
1.444
1.446
1.417
1.273
1.124
0.816
0.375
0.214
0.129
0.122
0.130
0.152
0.319
0.902
1.812
1.555
1.033
0.597
0.437
0.456
0.456
0.463
0.559
0.911
1.444
1.446
1.417
1.273
1.124
0.816
0.375
0.214
0.129
0.122
0.130
0.152
0.319
0.902
1.812
1.555
1.033
0.597
0.437
0.456
0.456
0.463
0.559
0.911
1.444
1.446
1.417
1.273
1.124
0.816
0.375
0.214
0.129
0.122
0.130
0.152
0.319
0.902
1.812
1.555
1.033
0.597
0.437
0.456
0.456
0.463
0.559
0.911
1.444
1.446
1.417
1.273
1.124
0.816
0.375
0.214
0.129
0.122
0.130
0.152
0.319
0.902
1.812
1.555
1.033
0.597
0.437
0.456
0.456
0.463
0.559
0.911
1.444
1.446
1.417
1.273
1.124
0.816
0.214
0.129
0.122
0.130
0.152
0.319
0.902
1.812
1.555
1.033
0.597
0.437
0.456
0.456
0.463
0.559
0.911
1.444
1.446
1.417
1.273
1.124
0.816
0.375
0.214
0.129
0.122
0.130
0.152
0.319
0.902
1.812
1.555
1.033
0.597
0.437
0.456
0.456
0.463
0.559
0.911
1.444
1.446
1.417
1.273
1.124
0.816
0.375
0.214
0.069
0.069
0.088
0.157
0.524
1.101
1.040
0.644
0.354
0.261
0.226
0.245
0.208
0.238
0.338
0.738
0.705
0.746
0.696
0.614
0.459
0.233
0.123
0.078
0.069
0.069
0.088
0.157
0.524
1.101
1.040
0.644
0.354
0.261
0.226
0.245
0.208
0.238
0.338
0.738
0.705
0.746
0.696
0.614
0.459
0.233
0.123
0.078
0.069
0.069
0.088
0.157
0.524
1.101
1.040
0.644
0.354
0.261
0.226
0.245
0.208
0.238
0.338
0.738
0.705
0.746
0.696
0.614
0.459
0.233
0.123
0.078
0.069
0.069
0.088
0.157
0.524
1.101
1.040
0.644
0.354
0.261
0.226
0.245
0.208
0.238
0.338
0.738
0.705
0.746
0.696
0.614
0.459
0.233
0.123
0.078
0.069
0.069
0.088
0.157
0.524
1.101
1.040
0.644
0.354
0.261
0.226
0.245
0.208
0.238
0.338
0.738
0.705
0.746
0.696
0.614
0.459
0.233
0.123
0.078
0.069
0.069
0.088
0.157
0.524
1.101
1.040
0.644
0.354
0.261
0.226
0.245
0.208
0.238
0.338
0.738
0.705
0.746
0.696
0.614
0.459
0.233
0.123
0.078
0.069
0.069
0.088
0.157
0.524
1.101
1.040
0.644
0.354
0.261
0.226
0.245
0.208
0.238
0.338
0.738
0.705
0.746
0.696
0.614
0.459
0.233
0.123
0.078
0.069
0.069
0.088
0.157
0.524
1.101
1.040
0.644
0.354
0.261
0.226
0.245
0.208
0.238
0.338
0.738
0.705
0.746
0.696
0.614
0.459
0.233
0.123
0.078
0.069
0.069
0.088
0.157
0.524
1.101
1.040
0.644
0.354
0.261
0.226
0.245
0.208
0.238
0.338
0.738
0.705
0.746
0.696
0.614
0.459
0.233
0.123
0.078
0.069
0.069
0.088
0.157
0.524
1.101
1.040
0.644
0.354
0.261
0.226
0.245
0.208
0.238
0.338
0.738
0.705
0.746
0.696
0.614
0.459
0.233
0.123
0.078
0.069
0.069
0.088
0.157
0.524
1.101
1.040
0.644
0.354
0.261
0.226
0.245
0.208
0.238
0.338
0.738
0.705
0.746
0.696
0.614
0.459
0.233
0.123
0.078
0.069
0.069
0.088
0.157
0.524
1.101
1.040
0.644
0.354
0.261
0.226
0.245
0.208
0.238
0.338
0.738
0.705
0.746
0.696
0.614
0.459
0.233
0.123
0.078
0.069
0.069
0.088
0.157
0.524
1.101
1.040
0.644
0.354
0.261
0.226
0.245
0.208
0.238
0.338
0.738
0.705
0.746
0.696
0.614
0.459
0.233
0.123
0.078
0.069
0.069
0.088
0.157
0.524
1.101
1.040
0.644
0.354
0.261
0.226
0.245
0.208
0.238
0.338
0.738
0.705
0.746
0.696
0.614
0.459
0.233
0.123
0.078
0.069
0.069
0.088
0.157
0.524
1.101
1.040
0.644
0.354
0.261
0.226
0.245
0.208
0.238
0.338
0.738
0.705
0.746
0.696
0.614
0.459
0.233
0.123
0.078
0.069
0.069
0.088
0.157
0.524
1.101
1.040
0.644
0.354
0.261
0.226
0.245
0.208
0.238
0.338
0.738
0.705
0.746
0.696
0.614
0.459
0.233
0.123
0.078
0.069
0.069
0.088
0.157
0.524
1.101
1.040
0.644
0.354
0.261
0.226
0.245
0.208
0.238
0.338
0.738
0.705
0.746
0.696
0.614
0.459
0.233
0.123
0.078
0.069
0.069
0.088
0.157
0.524
1.101
1.040
0.644
0.354
0.261
0.226
0.245
0.208
0.238
0.338
0.738
0.705
0.746
0.696
0.614
0.459
0.233
0.123
0.078
0.069
0.069
0.088
0.157
0.524
1.101
1.040
0.644
0.354
0.261
0.226
0.245
0.208
0.238
0.338
0.738
0.705
0.746
0.696
0.614
0.459
0.233
0.123
0.078
0.069
0.069
0.088
0.157
0.524
1.101
1.040
0.644
0.354
0.261
0.226
0.245
0.208
0.238
0.338
0.738
0.705
0.746
0.696
0.614
0.459
0.233
0.123
0.078
0.069
0.069
0.088
0.157
0.524
1.101
1.040
0.644
0.354
0.261
0.226
0.245
0.208
0.238
0.338
0.738
0.705
0.746
0.696
0.614
0.459
0.233
0.123
0.078
0.069
0.069
0.088
0.157
0.524
1.101
1.040
0.644
0.354
0.261
0.226
0.245
0.208
0.238
0.338
0.738
0.705
0.746
0.696
0.614
0.459
0.233
0.123
0.078
0.069
0.069
0.088
0.157
0.524
1.101
1.040
0.644
0.354
0.261
0.226
0.245
0.208
0.238
0.338
0.738
0.705
0.746
0.696
0.614
0.459
0.233
0.123
0.078
0.069
0.069
0.088
0.157
0.524
1.101
1.040
0.644
0.354
0.261
0.226
0.245
0.208
0.238
0.338
0.738
0.705
0.746
0.696
0.614
0.459
0.233
0.123
0.078
0.069
0.069
0.088
0.157
0.524
1.101
1.040
0.644
0.354
0.261
0.226
0.245
0.208
0.238
0.338
0.738
0.705
0.746
0.696
0.614
0.459
0.233
0.123
0.078
0.069
0.069
0.088
0.157
0.524
1.101
1.040
0.644
0.354
0.261
0.226
0.245
0.208
0.238
0.338
0.738
0.705
0.746
0.696
0.614
0.459
0.233
0.123
0.078
0.069
0.069
0.088
0.157
0.524
1.101
1.040
0.644
0.354
0.261
0.226
0.245
0.208
0.238
0.338
0.738
0.705
0.746
0.696
0.614
0.459
0.233
0.123
0.078
0.069
0.069
0.088
0.157
0.524
1.101
1.040
0.644
0.354
0.261
0.226
0.245
0.208
0.238
0.338
0.738
0.705
0.746
0.696
0.614
0.459
0.233
0.123
0.078
0.069
0.069
0.088
0.157
0.524
1.101
1.040
0.644
0.354
0.261
0.226
0.245
0.208
0.238
0.338
0.738
0.705
0.746
0.696
0.614
0.459
0.233
0.123
0.078
0.069
0.069
0.088
0.157
0.524
1.101
1.040
0.644
0.354
0.261
0.226
0.245
0.208
0.238
0.338
0.738
0.705
0.746
0.696
0.614
0.459
0.233
0.123
0.078
0.047
0.045
0.062
0.115
0.334
0.673
0.604
0.369
0.214
0.159
0.156
0.165
0.154
0.167
0.242
0.509
0.477
0.465
0.404
0.357
0.263
0.147
0.084
0.050
0.047
0.045
0.062
0.115
0.334
0.673
0.604
0.369
0.214
0.159
0.156
0.165
0.154
0.167
0.242
0.509
0.477
0.465
0.404
0.357
0.263
0.147
0.084
0.050
0.047
0.045
0.062
0.115
0.334
0.673
0.604
0.369
0.214
0.159
0.156
0.165
0.154
0.167
0.242
0.509
0.477
0.465
0.404
0.357
0.263
0.147
0.084
0.050
0.047
0.045
0.062
0.115
0.334
0.673
0.604
0.369
0.214
0.159
0.156
0.165
0.154
0.167
0.242
0.509
0.477
0.465
0.404
0.357
0.263
0.147
0.084
0.050
0.047
0.045
0.062
0.115
0.334
0.673
0.604
0.369
0.214
0.159
0.156
0.165
0.154
0.167
0.242
0.509
0.477
0.465
0.404
0.357
0.263
0.147
0.084
0.050
0.047
0.045
0.062
0.115
0.334
0.673
0.604
0.369
0.214
0.159
0.156
0.165
0.154
0.167
0.242
0.509
0.477
0.465
0.404
0.357
0.263
0.147
0.084
0.050
0.047
0.045
0.062
0.115
0.334
0.673
0.604
0.369
0.214
0.159
0.156
0.165
0.154
0.167
0.242
0.509
0.477
0.465
0.404
0.357
0.263
0.147
0.084
0.050
0.047
0.045
0.062
0.115
0.334
0.673
0.604
0.369
0.214
0.159
0.156
0.165
0.154
0.167
0.242
0.509
0.477
0.465
0.404
0.357
0.263
0.147
0.084
0.050
0.047
0.045
0.062
0.115
0.334
0.673
0.604
0.369
0.214
0.159
0.156
0.165
0.154
0.167
0.242
0.509
0.477
0.465
0.404
0.357
0.263
0.147
0.084
0.050
0.047
0.045
0.062
0.115
0.334
0.673
0.604
0.369
0.214
0.159
0.156
0.165
0.154
0.167
0.242
0.509
0.477
0.465
0.404
0.357
0.263
0.147
0.084
0.050
0.047
0.045
0.062
0.115
0.334
0.673
0.604
0.369
0.214
0.159
0.156
0.165
0.154
0.167
0.242
0.509
0.477
0.465
0.404
0.357
0.263
0.147
0.084
0.050
0.047
0.045
0.062
0.115
0.334
0.673
0.604
0.369
0.214
0.159
0.156
0.165
0.154
0.167
0.242
0.509
0.477
0.465
0.404
0.357
0.263
0.147
0.084
0.050
0.047
0.045
0.062
0.115
0.334
0.673
0.604
0.369
0.214
0.159
0.156
0.165
0.154
0.167
0.242
0.509
0.477
0.465
0.404
0.357
0.263
0.147
0.084
0.050
0.047
0.045
0.062
0.115
0.334
0.673
0.604
0.369
0.214
0.159
0.156
0.165
0.154
0.167
0.242
0.509
0.477
0.465
0.404
0.357
0.263
0.147
0.084
0.050
0.047
0.045
0.062
0.115
0.334
0.673
0.604
0.369
0.214
0.159
0.156
0.165
0.154
0.167
0.242
0.509
0.477
0.465
0.404
0.357
0.263
0.147
0.084
0.050
0.047
0.045
0.062
0.115
0.334
0.673
0.604
0.369
0.214
0.159
0.156
0.165
0.154
0.167
0.242
0.509
0.477
0.465
0.404
0.357
0.263
0.147
0.084
0.050
0.047
0.045
0.062
0.115
0.334
0.673
0.604
0.369
0.214
0.159
0.156
0.165
0.154
0.167
0.242
0.509
0.477
0.465
0.404
0.357
0.263
0.147
0.084
0.050
0.047
0.045
0.062
0.115
0.334
0.673
0.604
0.369
0.214
0.159
0.156
0.165
0.154
0.167
0.242
0.509
0.477
0.465
0.404
0.357
0.263
0.147
0.084
0.050
0.047
0.045
0.062
0.115
0.334
0.673
0.604
0.369
0.214
0.159
0.156
0.165
0.154
0.167
0.242
0.509
0.477
0.465
0.404
0.357
0.263
0.147
0.084
0.050
0.047
0.045
0.062
0.115
0.334
0.673
0.604
0.369
0.214
0.159
0.156
0.165
0.154
0.167
0.242
0.509
0.477
0.465
0.404
0.357
0.263
0.147
0.084
0.050
0.047
0.045
0.062
0.115
0.334
0.673
0.604
0.369
0.214
0.159
0.156
0.165
0.154
0.167
0.242
0.509
0.477
0.465
0.404
0.357
0.263
0.147
0.084
0.050
0.047
0.045
0.062
0.115
0.334
0.673
0.604
0.369
0.214
0.159
0.156
0.165
0.154
0.167
0.242
0.509
0.477
0.465
0.404
0.357
0.263
0.147
0.084
0.050
0.047
0.045
0.062
0.115
0.334
0.673
0.604
0.369
0.214
0.159
0.156
0.165
0.154
0.167
0.242
0.509
0.477
0.465
0.404
0.357
0.263
0.147
0.084
0.050
0.047
0.045
0.062
0.115
0.334
0.673
0.604
0.369
0.214
0.159
0.156
0.165
0.154
0.167
0.242
0.509
0.477
0.465
0.404
0.357
0.263
0.147
0.084
0.050
0.047
0.045
0.062
0.115
0.334
0.673
0.604
0.369
0.214
0.159
0.156
0.165
0.154
0.167
0.242
0.509
0.477
0.465
0.404
0.357
0.263
0.147
0.084
0.050
0.047
0.045
0.062
0.115
0.334
0.673
0.604
0.369
0.214
0.159
0.156
0.165
0.154
0.167
0.242
0.509
0.477
0.465
0.404
0.357
0.263
0.147
0.084
0.050
0.047
0.045
0.062
0.115
0.334
0.673
0.604
0.369
0.214
0.159
0.156
0.165
0.154
0.167
0.242
0.509
0.477
0.465
0.404
0.357
0.263
0.147
0.084
0.050
0.047
0.045
0.062
0.115
0.334
0.673
0.604
0.369
0.214
0.159
0.156
0.165
0.154
0.167
0.242
0.509
0.477
0.465
0.404
0.357
0.263
0.147
0.084
0.050
0.047
0.045
0.062
0.115
0.334
0.673
0.604
0.369
0.214
0.159
0.156
0.165
0.154
0.167
0.242
0.509
0.477
0.465
0.404
0.357
0.263
0.147
0.084
0.050
0.047
0.045
0.062
0.115
0.334
0.673
0.604
0.369
0.214
0.159
0.156
0.165
0.154
0.167
0.242
0.509
0.477
0.465
0.404
0.357
0.263
0.147
0.084
0.050
0.047
0.045
0.062
0.115
0.334
0.673
0.604
0.369
0.214
0.159
0.156
0.165
0.154
0.167
0.242
0.509
0.477
0.465
0.404
0.357
0.263
0.147
0.084
0.050
0.027
0.024
0.031
0.064
0.193
0.350
0.312
0.196
0.117
0.091
0.084
0.089
0.082
0.099
0.144
0.294
0.279
0.253
0.198
0.151
0.121
0.066
0.048
0.029
0.027
0.024
0.031
0.064
0.193
0.350
0.312
0.196
0.117
0.091
0.084
0.089
0.082
0.099
0.144
0.294
0.279
0.253
0.198
0.151
0.121
0.066
0.048
0.029
0.027
0.024
0.031
0.064
0.193
0.350
0.312
0.196
0.117
0.091
0.084
0.089
0.082
0.099
0.144
0.294
0.279
0.253
0.198
0.151
0.121
0.066
0.048
0.029
0.027
0.024
0.031
0.064
0.193
0.350
0.312
0.196
0.117
0.091
0.084
0.089
0.082
0.099
0.144
0.294
0.279
0.253
0.198
0.151
0.121
0.066
0.048
0.029
0.027
0.024
0.031
0.064
0.193
0.350
0.312
0.196
0.117
0.091
0.084
0.089
0.082
0.099
0.144
0.294
0.279
0.253
0.198
0.151
0.121
0.066
0.048
0.029
0.027
0.024
0.031
0.064
0.193
0.350
0.312
0.196
0.117
0.091
0.084
0.089
0.082
0.099
0.144
0.294
0.279
0.253
0.198
0.151
0.121
0.066
0.048
0.029
0.027
0.024
0.031
0.064
0.193
0.350
0.312
0.196
0.117
0.091
0.084
0.089
0.082
0.099
0.144
0.294
0.279
0.253
0.198
0.151
0.121
0.066
0.048
0.029
0.027
0.024
0.031
0.064
0.193
0.350
0.312
0.196
0.117
0.091
0.084
0.089
0.082
0.099
0.144
0.294
0.279
0.253
0.198
0.151
0.121
0.066
0.048
0.029
0.027
0.024
0.031
0.064
0.193
0.350
0.312
0.196
0.117
0.091
0.084
0.089
0.082
0.099
0.144
0.294
0.279
0.253
0.198
0.151
0.121
0.066
0.048
0.029
0.027
0.024
0.031
0.064
0.193
0.350
0.312
0.196
0.117
0.091
0.084
0.089
0.082
0.099
0.144
0.294
0.279
0.253
0.198
0.151
0.121
0.066
0.048
0.029
0.027
0.024
0.031
0.064
0.193
0.350
0.312
0.196
0.117
0.091
0.084
0.089
0.082
0.099
0.144
0.294
0.279
0.253
0.198
0.151
0.121
0.066
0.048
0.029
0.027
0.024
0.031
0.064
0.193
0.350
0.312
0.196
0.117
0.091
0.084
0.089
0.082
0.099
0.144
0.294
0.279
0.253
0.198
0.151
0.121
0.066
0.048
0.029
0.027
0.024
0.031
0.064
0.193
0.350
0.312
0.196
0.117
0.091
0.084
0.089
0.082
0.099
0.144
0.294
0.279
0.253
0.198
0.151
0.121
0.066
0.048
0.029
0.027
0.024
0.031
0.064
0.193
0.350
0.312
0.196
0.117
0.091
0.084
0.089
0.082
0.099
0.144
0.294
0.279
0.253
0.198
0.151
0.121
0.066
0.048
0.029
0.027
0.024
0.031
0.064
0.193
0.350
0.312
0.196
0.117
0.091
0.084
0.089
0.082
0.099
0.144
0.294
0.279
0.253
0.198
0.151
0.121
0.066
0.048
0.029
0.027
0.024
0.031
0.064
0.193
0.350
0.312
0.196
0.117
0.091
0.084
0.089
0.082
0.099
0.144
0.294
0.279
0.253
0.198
0.151
0.121
0.066
0.048
0.029
0.027
0.024
0.031
0.064
0.193
0.350
0.312
0.196
0.117
0.091
0.084
0.089
0.082
0.099
0.144
0.294
0.279
0.253
0.198
0.151
0.121
0.066
0.048
0.029
0.027
0.024
0.031
0.064
0.193
0.350
0.312
0.196
0.117
0.091
0.084
0.089
0.082
0.099
0.144
0.294
0.279
0.253
0.198
0.151
0.121
0.066
0.048
0.029
0.027
0.024
0.031
0.064
0.193
0.350
0.312
0.196
0.117
0.091
0.084
0.089
0.082
0.099
0.144
0.294
0.279
0.253
0.198
0.151
0.121
0.066
0.048
0.029
0.027
0.024
0.031
0.064
0.193
0.350
0.312
0.196
0.117
0.091
0.084
0.089
0.082
0.099
0.144
0.294
0.279
0.253
0.198
0.151
0.121
0.066
0.048
0.029
0.027
0.024
0.031
0.064
0.193
0.350
0.312
0.196
0.117
0.091
0.084
0.089
0.082
0.099
0.144
0.294
0.279
0.253
0.198
0.151
0.121
0.066
0.048
0.029
0.027
0.024
0.031
0.064
0.193
0.350
0.312
0.196
0.117
0.091
0.084
0.089
0.082
0.099
0.144
0.294
0.279
0.253
0.198
0.151
0.121
0.066
0.048
0.029
0.027
0.024
0.031
0.064
0.193
0.350
0.312
0.196
0.117
0.091
0.084
0.089
0.082
0.099
0.144
0.294
0.279
0.253
0.198
0.151
0.121
0.066
0.048
0.029
0.027
0.024
0.031
0.064
0.193
0.350
0.312
0.196
0.117
0.091
0.084
0.089
0.082
0.099
0.144
0.294
0.279
0.253
0.198
0.151
0.121
0.066
0.048
0.029
0.027
0.024
0.031
0.064
0.193
0.350
0.312
0.196
0.117
0.091
0.084
0.089
0.082
0.099
0.144
0.294
0.279
0.253
0.198
0.151
0.121
0.066
0.048
0.029
0.027
0.024
0.031
0.064
0.193
0.350
0.312
0.196
0.117
0.091
0.084
0.089
0.082
0.099
0.144
0.294
0.279
0.253
0.198
0.151
0.121
0.066
0.048
0.029
0.027
0.024
0.031
0.064
0.193
0.350
0.312
0.196
0.117
0.091
0.084
0.089
0.082
0.099
0.144
0.294
0.279
0.253
0.198
0.151
0.121
0.066
0.048
0.029
0.027
0.024
0.031
0.064
0.193
0.350
0.312
0.196
0.117
0.091
0.084
0.089
0.082
0.099
0.144
0.294
0.279
0.253
0.198
0.151
0.121
0.066
0.048
0.029
0.027
0.024
0.031
0.064
0.193
0.350
0.312
0.196
0.117
0.091
0.084
0.089
0.082
0.099
0.144
0.294
0.279
0.253
0.198
0.151
0.121
0.066
0.048
0.029
0.027
0.024
0.031
0.064
0.193
0.350
0.312
0.196
0.117
0.091
0.084
0.089
0.082
0.099
0.144
0.294
0.279
0.253
0.198
0.151
0.121
0.066
0.048
0.029
0.020
0.019
0.023
0.048
0.135
0.258
0.232
0.144
0.089
0.072
0.072
0.073
0.064
0.073
0.115
0.243
0.209
0.189
0.131
0.103
0.082
0.049
0.039
0.026
0.020
0.019
0.023
0.048
0.135
0.258
0.232
0.144
0.089
0.072
0.072
0.073
0.064
0.073
0.115
0.243
0.209
0.189
0.131
0.103
0.082
0.049
0.039
0.026
0.020
0.019
0.023
0.048
0.135
0.258
0.232
0.144
0.089
0.072
0.072
0.073
0.064
0.073
0.115
0.243
0.209
0.189
0.131
0.103
0.082
0.049
0.039
0.026
0.020
0.019
0.023
0.048
0.135
0.258
0.232
0.144
0.089
0.072
0.072
0.073
0.064
0.073
0.115
0.243
0.209
0.189
0.131
0.103
0.082
0.049
0.039
0.026
0.020
0.019
0.023
0.048
0.135
0.258
0.232
0.144
0.089
0.072
0.072
0.073
0.064
0.073
0.115
0.243
0.209
0.189
0.131
0.103
0.082
0.049
0.039
0.026
0.020
0.019
0.023
0.048
0.135
0.258
0.232
0.144
0.089
0.072
0.072
0.073
0.064
0.073
0.115
0.243
0.209
0.189
0.131
0.103
0.082
0.049
0.039
0.026
0.020
0.019
0.023
0.048
0.135
0.258
0.232
0.144
0.089
0.072
0.072
0.073
0.064
0.073
0.115
0.243
0.209
0.189
0.131
0.103
0.082
0.049
0.039
0.026
0.020
0.019
0.023
0.048
0.135
0.258
0.232
0.144
0.089
0.072
0.072
0.073
0.064
0.073
0.115
0.243
0.209
0.189
0.131
0.103
0.082
0.049
0.039
0.026
0.020
0.019
0.023
0.048
0.135
0.258
0.232
0.144
0.089
0.072
0.072
0.073
0.064
0.073
0.115
0.243
0.209
0.189
0.131
0.103
0.082
0.049
0.039
0.026
0.020
0.019
0.023
0.048
0.135
0.258
0.232
0.144
0.089
0.072
0.072
0.073
0.064
0.073
0.115
0.243
0.209
0.189
0.131
0.103
0.082
0.049
0.039
0.026
0.020
0.019
0.023
0.048
0.135
0.258
0.232
0.144
0.089
0.072
0.072
0.073
0.064
0.073
0.115
0.243
0.209
0.189
0.131
0.103
0.082
0.049
0.039
0.026
0.020
0.019
0.023
0.048
0.135
0.258
0.232
0.144
0.089
0.072
0.072
0.073
0.064
0.073
0.115
0.243
0.209
0.189
0.131
0.103
0.082
0.049
0.039
0.026
0.020
0.019
0.023
0.048
0.135
0.258
0.232
0.144
0.089
0.072
0.072
0.073
0.064
0.073
0.115
0.243
0.209
0.189
0.131
0.103
0.082
0.049
0.039
0.026
0.020
0.019
0.023
0.048
0.135
0.258
0.232
0.144
0.089
0.072
0.072
0.073
0.064
0.073
0.115
0.243
0.209
0.189
0.131
0.103
0.082
0.049
0.039
0.026
0.020
0.019
0.023
0.048
0.135
0.258
0.232
0.144
0.089
0.072
0.072
0.073
0.064
0.073
0.115
0.243
0.209
0.189
0.131
0.103
0.082
0.049
0.039
0.026
0.020
0.019
0.023
0.048
0.135
0.258
0.232
0.144
0.089
0.072
0.072
0.073
0.064
0.073
0.115
0.243
0.209
0.189
0.131
0.103
0.082
0.049
0.039
0.026
0.020
0.019
0.023
0.048
0.135
0.258
0.232
0.144
0.089
0.072
0.072
0.073
0.064
0.073
0.115
0.243
0.209
0.189
0.131
0.103
0.082
0.049
0.039
0.026
0.020
0.019
0.023
0.048
0.135
0.258
0.232
0.144
0.089
0.072
0.072
0.073
0.064
0.073
0.115
0.243
0.209
0.189
0.131
0.103
0.082
0.049
0.039
0.026
0.020
0.019
0.023
0.048
0.135
0.258
0.232
0.144
0.089
0.072
0.072
0.073
0.064
0.073
0.115
0.243
0.209
0.189
0.131
0.103
0.082
0.049
0.039
0.026
0.020
0.019
0.023
0.048
0.135
0.258
0.232
0.144
0.089
0.072
0.072
0.073
0.064
0.073
0.115
0.243
0.209
0.189
0.131
0.103
0.082
0.049
0.039
0.026
0.020
0.019
0.023
0.048
0.135
0.258
0.232
0.144
0.089
0.072
0.072
0.073
0.064
0.073
0.115
0.243
0.209
0.189
0.131
0.103
0.082
0.049
0.039
0.026
0.020
0.019
0.023
0.048
0.135
0.258
0.232
0.144
0.089
0.072
0.072
0.073
0.064
0.073
0.115
0.243
0.209
0.189
0.131
0.103
0.082
0.049
0.039
0.026
0.020
0.019
0.023
0.048
0.135
0.258
0.232
0.144
0.089
0.072
0.072
0.073
0.064
0.073
0.115
0.243
0.209
0.189
0.131
0.103
0.082
0.049
0.039
0.026
0.020
0.019
0.023
0.048
0.135
0.258
0.232
0.144
0.089
0.072
0.072
0.073
0.064
0.073
0.115
0.243
0.209
0.189
0.131
0.103
0.082
0.049
0.039
0.026
0.020
0.019
0.023
0.048
0.135
0.258
0.232
0.144
0.089
0.072
0.072
0.073
0.064
0.073
0.115
0.243
0.209
0.189
0.131
0.103
0.082
0.049
0.039
0.026
0.020
0.019
0.023
0.048
0.135
0.258
0.232
0.144
0.089
0.072
0.072
0.073
0.064
0.073
0.115
0.243
0.209
0.189
0.131
0.103
0.082
0.049
0.039
0.026
0.020
0.019
0.023
0.048
0.135
0.258
0.232
0.144
0.089
0.072
0.072
0.073
0.064
0.073
0.115
0.243
0.209
0.189
0.131
0.103
0.082
0.049
0.039
0.026
0.020
0.019
0.023
0.048
0.135
0.258
0.232
0.144
0.089
0.072
0.072
0.073
0.064
0.073
0.115
0.243
0.209
0.189
0.131
0.103
0.082
0.049
0.039
0.026
0.020
0.019
0.023
0.048
0.135
0.258
0.232
0.144
0.089
0.072
0.072
0.073
0.064
0.073
0.115
0.243
0.209
0.189
0.131
0.103
0.082
0.049
0.039
0.026
0.020
0.019
0.023
0.048
0.135
0.258
0.232
0.144
0.089
0.072
0.072
0.073
0.064
0.073
0.115
0.243
0.209
0.189
0.131
0.103
0.082
0.049
0.039
0.026
0.020
0.019
0.023
0.048
0.135
0.258
0.232
0.144
0.089
0.072
0.072
0.073
0.064
0.073
0.115
0.243
0.209
0.189
0.131
0.103
0.082
0.049
0.039
0.026
0.020
0.019
0.020
0.038
0.112
0.245
0.211
0.158
0.104
0.083
0.079
0.076
0.063
0.072
0.101
0.245
0.206
0.195
0.135
0.106
0.071
0.042
0.038
0.025
0.020
0.019
0.020
0.038
0.112
0.245
0.211
0.158
0.104
0.083
0.079
0.076
0.063
0.072
0.101
0.245
0.206
0.195
0.135
0.106
0.071
0.042
0.038
0.025
0.020
0.019
0.020
0.038
0.112
0.245
0.211
0.158
0.104
0.083
0.079
0.076
0.063
0.072
0.101
0.245
0.206
0.195
0.135
0.106
0.071
0.042
0.038
0.025
0.020
0.019
0.020
0.038
0.112
0.245
0.211
0.158
0.104
0.083
0.079
0.076
0.063
0.072
0.101
0.245
0.206
0.195
0.135
0.106
0.071
0.042
0.038
0.025
0.020
0.019
0.020
0.038
0.112
0.245
0.211
0.158
0.104
0.083
0.079
0.076
0.063
0.072
0.101
0.245
0.206
0.195
0.135
0.106
0.071
0.042
0.038
0.025
0.020
0.019
0.020
0.038
0.112
0.245
0.211
0.158
0.104
0.083
0.079
0.076
0.063
0.072
0.101
0.245
0.206
0.195
0.135
0.106
0.071
0.042
0.038
0.025
0.020
0.019
0.020
0.038
0.112
0.245
0.211
0.158
0.104
0.083
0.079
0.076
0.063
0.072
0.101
0.245
0.206
0.195
0.135
0.106
0.071
0.042
0.038
0.025
0.020
0.019
0.020
0.038
0.112
0.245
0.211
0.158
0.104
0.083
0.079
0.076
0.063
0.072
0.101
0.245
0.206
0.195
0.135
0.106
0.071
0.042
0.038
0.025
0.020
0.019
0.020
0.038
0.112
0.245
0.211
0.158
0.104
0.083
0.079
0.076
0.063
0.072
0.101
0.245
0.206
0.195
0.135
0.106
0.071
0.042
0.038
0.025
0.020
0.019
0.020
0.038
0.112
0.245
0.211
0.158
0.104
0.083
0.079
0.076
0.063
0.072
0.101
0.245
0.206
0.195
0.135
0.106
0.071
0.042
0.038
0.025
0.020
0.019
0.020
0.038
0.112
0.245
0.211
0.158
0.104
0.083
0.079
0.076
0.063
0.072
0.101
0.245
0.206
0.195
0.135
0.106
0.071
0.042
0.038
0.025
0.020
0.019
0.020
0.038
0.112
0.245
0.211
0.158
0.104
0.083
0.079
0.076
0.063
0.072
0.101
0.245
0.206
0.195
0.135
0.106
0.071
0.042
0.038
0.025
0.020
0.019
0.020
0.038
0.112
0.245
0.211
0.158
0.104
0.083
0.079
0.076
0.063
0.072
0.101
0.245
0.206
0.195
0.135
0.106
0.071
0.042
0.038
0.025
0.020
0.019
0.020
0.038
0.112
0.245
0.211
0.158
0.104
0.083
0.079
0.076
0.063
0.072
0.101
0.245
0.206
0.195
0.135
0.106
0.071
0.042
0.038
0.025
0.020
0.019
0.020
0.038
0.112
0.245
0.211
0.158
0.104
0.083
0.079
0.076
0.063
0.072
0.101
0.245
0.206
0.195
0.135
0.106
0.071
0.042
0.038
0.025
0.020
0.019
0.020
0.038
0.112
0.245
0.211
0.158
0.104
0.083
0.079
0.076
0.063
0.072
0.101
0.245
0.206
0.195
0.135
0.106
0.071
0.042
0.038
0.025
0.020
0.019
0.020
0.038
0.112
0.245
0.211
0.158
0.104
0.083
0.079
0.076
0.063
0.072
0.101
0.245
0.206
0.195
0.135
0.106
0.071
0.042
0.038
0.025
0.020
0.019
0.020
0.038
0.112
0.245
0.211
0.158
0.104
0.083
0.079
0.076
0.063
0.072
0.101
0.245
0.206
0.195
0.135
0.106
0.071
0.042
0.038
0.025
0.020
0.019
0.020
0.038
0.112
0.245
0.211
0.158
0.104
0.083
0.079
0.076
0.063
0.072
0.101
0.245
0.206
0.195
0.135
0.106
0.071
0.042
0.038
0.025
0.020
0.019
0.020
0.038
0.112
0.245
0.211
0.158
0.104
0.083
0.079
0.076
0.063
0.072
0.101
0.245
0.206
0.195
0.135
0.106
0.071
0.042
0.038
0.025
0.020
0.019
0.020
0.038
0.112
0.245
0.211
0.158
0.104
0.083
0.079
0.076
0.063
0.072
0.101
0.245
0.206
0.195
0.135
0.106
0.071
0.042
0.038
0.025
0.020
0.019
0.020
0.038
0.112
0.245
0.211
0.158
0.104
0.083
0.079
0.076
0.063
0.072
0.101
0.245
0.206
0.195
0.135
0.106
0.071
0.042
0.038
0.025
0.020
0.019
0.020
0.038
0.112
0.245
0.211
0.158
0.104
0.083
0.079
0.076
0.063
0.072
0.101
0.245
0.206
0.195
0.135
0.106
0.071
0.042
0.038
0.025
0.020
0.019
0.020
0.038
0.112
0.245
0.211
0.158
0.104
0.083
0.079
0.076
0.063
0.072
0.101
0.245
0.206
0.195
0.135
0.106
0.071
0.042
0.038
0.025
0.020
0.019
0.020
0.038
0.112
0.245
0.211
0.158
0.104
0.083
0.079
0.076
0.063
0.072
0.101
0.245
0.206
0.195
0.135
0.106
0.071
0.042
0.038
0.025
0.020
0.019
0.020
0.038
0.112
0.245
0.211
0.158
0.104
0.083
0.079
0.076
0.063
0.072
0.101
0.245
0.206
0.195
0.135
0.106
0.071
0.042
0.038
0.025
0.020
0.019
0.020
0.038
0.112
0.245
0.211
0.158
0.104
0.083
0.079
0.076
0.063
0.072
0.101
0.245
0.206
0.195
0.135
0.106
0.071
0.042
0.038
0.025
0.020
0.019
0.020
0.038
0.112
0.245
0.211
0.158
0.104
0.083
0.079
0.076
0.063
0.072
0.101
0.245
0.206
0.195
0.135
0.106
0.071
0.042
0.038
0.025
0.020
0.019
0.020
0.038
0.112
0.245
0.211
0.158
0.104
0.083
0.079
0.076
0.063
0.072
0.101
0.245
0.206
0.195
0.135
0.106
0.071
0.042
0.038
0.025
0.020
0.019
0.020
0.038
0.112
0.245
0.211
0.158
0.104
0.083
0.079
0.076
0.063
0.072
0.101
0.245
0.206
0.195
0.135
0.106
0.071
0.042
0.038
0.025
0.020
0.019
0.020
0.038
0.112
0.245
0.211
0.158
0.104
0.083
0.079
0.076
0.063
0.072
0.101
0.245
0.206
0.195
0.135
0.106
0.071
0.042
0.038
0.025
0.029
0.029
0.038
0.062
0.184
0.441
0.351
0.230
0.135
0.100
0.095
0.100
0.099
0.102
0.155
0.359
0.328
0.348
0.270
0.197
0.142
0.082
0.053
0.033
0.029
0.029
0.038
0.062
0.184
0.441
0.351
0.230
0.135
0.100
0.095
0.100
0.099
0.102
0.155
0.359
0.328
0.348
0.270
0.197
0.142
0.082
0.053
0.033
0.029
0.029
0.038
0.062
0.184
0.441
0.351
0.230
0.135
0.100
0.095
0.100
0.099
0.102
0.155
0.359
0.328
0.348
0.270
0.197
0.142
0.082
0.053
0.033
0.029
0.029
0.038
0.062
0.184
0.441
0.351
0.230
0.135
0.100
0.095
0.100
0.099
0.102
0.155
0.359
0.328
0.348
0.270
0.197
0.142
0.082
0.053
0.033
0.029
0.029
0.038
0.062
0.184
0.441
0.351
0.230
0.135
0.100
0.095
0.100
0.099
0.102
0.155
0.359
0.328
0.348
0.270
0.197
0.142
0.082
0.053
0.033
0.029
0.029
0.038
0.062
0.184
0.441
0.351
0.230
0.135
0.100
0.095
0.100
0.099
0.102
0.155
0.359
0.328
0.348
0.270
0.197
0.142
0.082
0.053
0.033
0.029
0.029
0.038
0.062
0.184
0.441
0.351
0.230
0.135
0.100
0.095
0.100
0.099
0.102
0.155
0.359
0.328
0.348
0.270
0.197
0.142
0.082
0.053
0.033
0.029
0.029
0.038
0.062
0.184
0.441
0.351
0.230
0.135
0.100
0.095
0.100
0.099
0.102
0.155
0.359
0.328
0.348
0.270
0.197
0.142
0.082
0.053
0.033
0.029
0.029
0.038
0.062
0.184
0.441
0.351
0.230
0.135
0.100
0.095
0.100
0.099
0.102
0.155
0.359
0.328
0.348
0.270
0.197
0.142
0.082
0.053
0.033
0.029
0.029
0.038
0.062
0.184
0.441
0.351
0.230
0.135
0.100
0.095
0.100
0.099
0.102
0.155
0.359
0.328
0.348
0.270
0.197
0.142
0.082
0.053
0.033
0.029
0.029
0.038
0.062
0.184
0.441
0.351
0.230
0.135
0.100
0.095
0.100
0.099
0.102
0.155
0.359
0.328
0.348
0.270
0.197
0.142
0.082
0.053
0.033
0.029
0.029
0.038
0.062
0.184
0.441
0.351
0.230
0.135
0.100
0.095
0.100
0.099
0.102
0.155
0.359
0.328
0.348
0.270
0.197
0.142
0.082
0.053
0.033
0.029
0.029
0.038
0.062
0.184
0.441
0.351
0.230
0.135
0.100
0.095
0.100
0.099
0.102
0.155
0.359
0.328
0.348
0.270
0.197
0.142
0.082
0.053
0.033
0.029
0.029
0.038
0.062
0.184
0.441
0.351
0.230
0.135
0.100
0.095
0.100
0.099
0.102
0.155
0.359
0.328
0.348
0.270
0.197
0.142
0.082
0.053
0.033
0.029
0.029
0.038
0.062
0.184
0.441
0.351
0.230
0.135
0.100
0.095
0.100
0.099
0.102
0.155
0.359
0.328
0.348
0.270
0.197
0.142
0.082
0.053
0.033
0.029
0.029
0.038
0.062
0.184
0.441
0.351
0.230
0.135
0.100
0.095
0.100
0.099
0.102
0.155
0.359
0.328
0.348
0.270
0.197
0.142
0.082
0.053
0.033
0.029
0.029
0.038
0.062
0.184
0.441
0.351
0.230
0.135
0.100
0.095
0.100
0.099
0.102
0.155
0.359
0.328
0.348
0.270
0.197
0.142
0.082
0.053
0.033
0.029
0.029
0.038
0.062
0.184
0.441
0.351
0.230
0.135
0.100
0.095
0.100
0.099
0.102
0.155
0.359
0.328
0.348
0.270
0.197
0.142
0.082
0.053
0.033
0.029
0.029
0.038
0.062
0.184
0.441
0.351
0.230
0.135
0.100
0.095
0.100
0.099
0.102
0.155
0.359
0.328
0.348
0.270
0.197
0.142
0.082
0.053
0.033
0.029
0.029
0.038
0.062
0.184
0.441
0.351
0.230
0.135
0.100
0.095
0.100
0.099
0.102
0.155
0.359
0.328
0.348
0.270
0.197
0.142
0.082
0.053
0.033
0.029
0.029
0.038
0.062
0.184
0.441
0.351
0.230
0.135
0.100
0.095
0.100
0.099
0.102
0.155
0.359
0.328
0.348
0.270
0.197
0.142
0.082
0.053
0.033
0.029
0.029
0.038
0.062
0.184
0.441
0.351
0.230
0.135
0.100
0.095
0.100
0.099
0.102
0.155
0.359
0.328
0.348
0.270
0.197
0.142
0.082
0.053
0.033
0.029
0.029
0.038
0.062
0.184
0.441
0.351
0.230
0.135
0.100
0.095
0.100
0.099
0.102
0.155
0.359
0.328
0.348
0.270
0.197
0.142
0.082
0.053
0.033
0.029
0.029
0.038
0.062
0.184
0.441
0.351
0.230
0.135
0.100
0.095
0.100
0.099
0.102
0.155
0.359
0.328
0.348
0.270
0.197
0.142
0.082
0.053
0.033
0.029
0.029
0.038
0.062
0.184
0.441
0.351
0.230
0.135
0.100
0.095
0.100
0.099
0.102
0.155
0.359
0.328
0.348
0.270
0.197
0.142
0.082
0.053
0.033
0.029
0.029
0.038
0.062
0.184
0.441
0.351
0.230
0.135
0.100
0.095
0.100
0.099
0.102
0.155
0.359
0.328
0.348
0.270
0.197
0.142
0.082
0.053
0.033
0.029
0.029
0.038
0.062
0.184
0.441
0.351
0.230
0.135
0.100
0.095
0.100
0.099
0.102
0.155
0.359
0.328
0.348
0.270
0.197
0.142
0.082
0.053
0.033
0.029
0.029
0.038
0.062
0.184
0.441
0.351
0.230
0.135
0.100
0.095
0.100
0.099
0.102
0.155
0.359
0.328
0.348
0.270
0.197
0.142
0.082
0.053
0.033
0.029
0.029
0.038
0.062
0.184
0.441
0.351
0.230
0.135
0.100
0.095
0.100
0.099
0.102
0.155
0.359
0.328
0.348
0.270
0.197
0.142
0.082
0.053
0.033
0.029
0.029
0.038
0.062
0.184
0.441
0.351
0.230
0.135
0.100
0.095
0.100
0.099
0.102
0.155
0.359
0.328
0.348
0.270
0.197
0.142
0.082
0.053
0.033
0.059
0.057
0.070
0.120
0.371
0.836
0.793
0.549
0.360
0.240
0.205
0.226
0.232
0.261
0.339
0.701
0.806
0.798
0.661
0.542
0.402
0.249
0.122
0.071
0.059
0.057
0.070
0.120
0.371
0.836
0.793
0.549
0.360
0.240
0.205
0.226
0.232
0.261
0.339
0.701
0.806
0.798
0.661
0.542
0.402
0.249
0.122
0.071
0.059
0.057
0.070
0.120
0.371
0.836
0.793
0.549
0.360
0.240
0.205
0.226
0.232
0.261
0.339
0.701
0.806
0.798
0.661
0.542
0.402
0.249
0.122
0.071
0.059
0.057
0.070
0.120
0.371
0.836
0.793
0.549
0.360
0.240
0.205
0.226
0.232
0.261
0.339
0.701
0.806
0.798
0.661
0.542
0.402
0.249
0.122
0.071
0.059
0.057
0.070
0.120
0.371
0.836
0.793
0.549
0.360
0.240
0.205
0.226
0.232
0.261
0.339
0.701
0.806
0.798
0.661
0.542
0.402
0.249
0.122
0.071
0.059
0.057
0.070
0.120
0.371
0.836
0.793
0.549
0.360
0.240
0.205
0.226
0.232
0.261
0.339
0.701
0.806
0.798
0.661
0.542
0.402
0.249
0.122
0.071
0.059
0.057
0.070
0.120
0.371
0.836
0.793
0.549
0.360
0.240
0.205
0.226
0.232
0.261
0.339
0.701
0.806
0.798
0.661
0.542
0.402
0.249
0.122
0.071
0.059
0.057
0.070
0.120
0.371
0.836
0.793
0.549
0.360
0.240
0.205
0.226
0.232
0.261
0.339
0.701
0.806
0.798
0.661
0.542
0.402
0.249
0.122
0.071
0.059
0.057
0.070
0.120
0.371
0.836
0.793
0.549
0.360
0.240
0.205
0.226
0.232
0.261
0.339
0.701
0.806
0.798
0.661
0.542
0.402
0.249
0.122
0.071
0.059
0.057
0.070
0.120
0.371
0.836
0.793
0.549
0.360
0.240
0.205
0.226
0.232
0.261
0.339
0.701
0.806
0.798
0.661
0.542
0.402
0.249
0.122
0.071
0.059
0.057
0.070
0.120
0.371
0.836
0.793
0.549
0.360
0.240
0.205
0.226
0.232
0.261
0.339
0.701
0.806
0.798
0.661
0.542
0.402
0.249
0.122
0.071
0.059
0.057
0.070
0.120
0.371
0.836
0.793
0.549
0.360
0.240
0.205
0.226
0.232
0.261
0.339
0.701
0.806
0.798
0.661
0.542
0.402
0.249
0.122
0.071
0.059
0.057
0.070
0.120
0.371
0.836
0.793
0.549
0.360
0.240
0.205
0.226
0.232
0.261
0.339
0.701
0.806
0.798
0.661
0.542
0.402
0.249
0.122
0.071
0.059
0.057
0.070
0.120
0.371
0.836
0.793
0.549
0.360
0.240
0.205
0.226
0.232
0.261
0.339
0.701
0.806
0.798
0.661
0.542
0.402
0.249
0.122
0.071
0.059
0.057
0.070
0.120
0.371
0.836
0.793
0.549
0.360
0.240
0.205
0.226
0.232
0.261
0.339
0.701
0.806
0.798
0.661
0.542
0.402
0.249
0.122
0.071
0.059
0.057
0.070
0.120
0.371
0.836
0.793
0.549
0.360
0.240
0.205
0.226
0.232
0.261
0.339
0.701
0.806
0.798
0.661
0.542
0.402
0.249
0.122
0.071
0.059
0.057
0.070
0.120
0.371
0.836
0.793
0.549
0.360
0.240
0.205
0.226
0.232
0.261
0.339
0.701
0.806
0.798
0.661
0.542
0.402
0.249
0.122
0.071
0.059
0.057
0.070
0.120
0.371
0.836
0.793
0.549
0.360
0.240
0.205
0.226
0.232
0.261
0.339
0.701
0.806
0.798
0.661
0.542
0.402
0.249
0.122
0.071
0.059
0.057
0.070
0.120
0.371
0.836
0.793
0.549
0.360
0.240
0.205
0.226
0.232
0.261
0.339
0.701
0.806
0.798
0.661
0.542
0.402
0.249
0.122
0.071
0.059
0.057
0.070
0.120
0.371
0.836
0.793
0.549
0.360
0.240
0.205
0.226
0.232
0.261
0.339
0.701
0.806
0.798
0.661
0.542
0.402
0.249
0.122
0.071
0.059
0.057
0.070
0.120
0.371
0.836
0.793
0.549
0.360
0.240
0.205
0.226
0.232
0.261
0.339
0.701
0.806
0.798
0.661
0.542
0.402
0.249
0.122
0.071
0.059
0.057
0.070
0.120
0.371
0.836
0.793
0.549
0.360
0.240
0.205
0.226
0.232
0.261
0.339
0.701
0.806
0.798
0.661
0.542
0.402
0.249
0.122
0.071
0.059
0.057
0.070
0.120
0.371
0.836
0.793
0.549
0.360
0.240
0.205
0.226
0.232
0.261
0.339
0.701
0.806
0.798
0.661
0.542
0.402
0.249
0.122
0.071
0.059
0.057
0.070
0.120
0.371
0.836
0.793
0.549
0.360
0.240
0.205
0.226
0.232
0.261
0.339
0.701
0.806
0.798
0.661
0.542
0.402
0.249
0.122
0.071
0.059
0.057
0.070
0.120
0.371
0.836
0.793
0.549
0.360
0.240
0.205
0.226
0.232
0.261
0.339
0.701
0.806
0.798
0.661
0.542
0.402
0.249
0.122
0.122
0.071
0.059
0.057
0.070
0.120
0.371
0.836
0.793
0.549
0.360
0.240
0.205
0.226
0.232
0.261
0.339
0.701
0.806
0.798
0.661
0.542
0.402
0.249
0.122
0.071
0.059
0.057
0.070
0.120
0.371
0.836
0.793
0.549
0.360
0.240
0.205
0.226
0.232
0.261
0.339
0.701
0.806
0.798
0.661
0.542
0.402
0.249
0.122
0.071
0.059
0.057
0.070
0.120
0.371
0.836
0.793
0.549
0.360
0.240
0.205
0.226
0.232
0.261
0.339
0.701
0.806
0.798
0.661
0.542
0.402
0.249
0.122
0.071
0.059
0.057
0.070
0.120
0.371
0.836
0.793
0.549
0.360
0.240
0.205
0.226
0.232
0.261
0.339
0.701
0.806
0.798
0.661
0.542
0.402
0.249
0.122
0.071
0.059
0.057
0.070
0.120
0.371
0.836
0.793
0.549
0.360
0.240
0.205
0.226
0.232
0.261
0.339
0.701
0.806
0.798
0.661
0.542
0.402
0.249
0.122
0.071
0.059
0.057
0.070
0.120
0.371
0.836
0.793
0.549
0.360
0.240
0.205
0.226
0.232
0.261
0.339
0.701
0.806
0.798
0.661
0.542
0.402
0.249
0.122
0.175
0.115
0.106
0.104
0.123
0.212
0.705
1.507
1.213
0.817
0.557
0.441
0.425
0.491
0.497
0.599
0.929
1.426
1.364
1.238
1.109
0.923
0.686
0.321
0.175
0.115
0.106
0.104
0.123
0.212
0.705
1.507
1.213
0.817
0.557
0.441
0.425
0.491
0.497
0.599
0.929
1.426
1.364
1.238
1.109
0.923
0.686
0.321
0.175
0.115
0.106
0.104
0.123
0.212
0.705
1.507
1.213
0.817
0.557
0.441
0.425
0.491
0.497
0.599
0.929
1.426
1.364
1.238
1.109
0.923
0.686
0.321
0.175
0.115
0.106
0.104
0.123
0.212
0.705
1.507
1.213
0.817
0.557
0.441
0.425
0.491
0.497
0.599
0.929
1.426
1.364
1.238
1.109
0.923
0.686
0.321
0.175
0.115
0.106
0.104
0.123
0.212
0.705
1.507
1.213
0.817
0.557
0.441
0.425
0.491
0.497
0.599
0.929
1.426
1.364
1.238
1.109
0.923
0.686
0.321
0.175
0.115
0.106
0.104
0.123
0.212
0.705
1.507
1.213
0.817
0.557
0.441
0.425
0.491
0.497
0.599
0.929
1.426
1.364
1.238
1.109
0.923
0.686
0.321
0.175
0.115
0.106
0.104
0.123
0.212
0.705
1.507
1.213
0.817
0.557
0.441
0.425
0.491
0.497
0.599
0.929
1.426
1.364
1.238
1.109
0.923
0.686
0.321
0.175
0.115
0.106
0.104
0.123
0.212
0.705
1.507
1.213
0.817
0.557
0.441
0.425
0.491
0.497
0.599
0.929
1.426
1.364
1.238
1.109
0.923
0.686
0.321
0.175
0.115
0.106
0.104
0.123
0.212
0.705
1.507
1.213
0.817
0.557
0.441
0.425
0.491
0.497
0.599
0.929
1.426
1.364
1.238
1.109
0.923
0.686
0.321
0.175
0.115
0.106
0.104
0.123
0.212
0.705
1.507
1.213
0.817
0.557
0.441
0.425
0.491
0.497
0.599
0.929
1.426
1.364
1.238
1.109
0.923
0.686
0.321
0.175
0.115
0.106
0.104
0.123
0.212
0.705
1.507
1.213
0.817
0.557
0.441
0.425
0.491
0.497
0.599
0.929
1.426
1.364
1.238
1.109
0.923
0.686
0.321
0.175
0.115
0.106
0.104
0.123
0.212
0.705
1.507
1.213
0.817
0.557
0.441
0.425
0.491
0.497
0.599
0.929
1.426
1.364
1.238
1.109
0.923
0.686
0.321
0.175
0.115
0.106
0.104
0.123
0.212
0.705
1.507
1.213
0.817
0.557
0.441
0.425
0.491
0.497
0.599
0.929
1.426
1.364
1.238
1.109
0.923
0.686
0.321
0.175
0.115
0.106
0.104
0.123
0.212
0.705
1.507
1.213
0.817
0.557
0.441
0.425
0.491
0.497
0.599
0.929
1.426
1.364
1.238
1.109
0.923
0.686
0.321
0.175
0.115
0.106
0.104
0.123
0.212
0.705
1.507
1.213
0.817
0.557
0.441
0.425
0.491
0.497
0.599
0.929
1.426
1.364
1.238
1.109
0.923
0.686
0.321
0.175
0.115
0.106
0.104
0.123
0.212
0.705
1.507
1.213
0.817
0.557
0.441
0.425
0.491
0.497
0.599
0.929
1.426
1.364
1.238
1.109
0.923
0.686
0.321
0.175
0.115
0.106
0.104
0.123
0.212
0.705
1.507
1.213
0.817
0.557
0.441
0.425
0.491
0.497
0.599
0.929
1.426
1.364
1.238
1.109
0.923
0.686
0.321
0.175
0.115
0.106
0.104
0.123
0.212
0.705
1.507
1.213
0.817
0.557
0.441
0.425
0.491
0.497
0.599
0.929
1.426
1.364
1.238
1.109
0.923
0.686
0.321
0.175
0.115
0.106
0.104
0.123
0.212
0.705
1.507
1.213
0.817
0.557
0.441
0.425
0.491
0.497
0.599
0.929
1.426
1.364
1.238
1.109
0.923
0.686
0.321
0.175
0.115
0.106
0.104
0.123
0.212
0.705
1.507
1.213
0.817
0.557
0.441
0.425
0.491
0.497
0.599
0.929
1.426
1.364
1.238
1.109
0.923
0.686
0.321
0.175
0.115
0.106
0.104
0.123
0.212
0.705
1.507
1.213
0.817
0.557
0.441
0.425
0.491
0.497
0.599
0.929
1.426
1.364
1.238
1.109
0.923
0.686
0.321
0.175
0.115
0.106
0.104
0.123
0.212
0.705
1.507
1.213
0.817
0.557
0.441
0.425
0.491
0.497
0.599
0.929
1.426
1.364
1.238
1.109
0.923
0.686
0.321
0.175
0.115
0.106
0.104
0.123
0.212
0.705
1.507
1.213
0.817
0.557
0.441
0.425
0.491
0.497
0.599
0.929
1.426
1.364
1.238
1.109
0.923
0.686
0.321
0.175
0.115
0.106
0.104
0.123
0.212
0.705
1.507
1.213
0.817
0.557
0.441
0.425
0.491
0.497
0.599
0.929
1.426
1.364
1.238
1.109
0.923
0.686
0.321
0.175
0.115
0.106
0.104
0.123
0.212
0.705
1.507
1.213
0.817
0.557
0.441
0.425
0.491
0.497
0.599
0.929
1.426
1.364
1.238
1.109
0.923
0.686
0.321
0.175
0.115
0.106
0.104
0.123
0.212
0.705
1.507
1.213
0.817
0.557
0.441
0.425
0.491
0.497
0.599
0.929
1.426
1.364
1.238
1.109
0.923
0.686
0.321
0.175
0.115
0.106
0.104
0.123
0.212
0.705
1.507
1.213
0.817
0.557
0.441
0.425
0.491
0.497
0.599
0.929
1.426
1.364
1.238
1.109
0.923
0.686
0.321
0.175
0.115
0.106
0.104
0.123
0.212
0.705
1.507
1.213
0.817
0.557
0.441
0.425
0.491
0.497
0.599
0.929
1.426
1.364
1.238
1.109
0.923
0.686
0.321
0.175
0.115
0.106
0.104
0.123
0.212
0.705
1.507
1.213
0.817
0.557
0.441
0.425
0.491
0.497
0.599
0.929
1.426
1.364
1.238
1.109
0.923
0.686
0.321
0.175
0.115
0.106
0.104
0.123
0.212
0.705
1.507
1.213
0.817
0.557
0.441
0.425
0.491
0.497
0.599
0.929
1.426
1.364
1.238
1.109
0.923
0.686
0.321
0.361
0.253
0.236
0.224
0.241
0.372
0.947
1.984
1.826
1.444
1.093
0.947
0.918
0.932
0.978
1.104
1.472
1.892
1.814
1.738
1.608
1.419
1.053
0.575
0.361
0.253
0.236
0.224
0.241
0.372
0.947
1.984
1.826
1.444
1.093
0.947
0.918
0.932
0.978
1.104
1.472
1.892
1.814
1.738
1.608
1.419
1.053
0.575
0.361
0.253
0.236
0.224
0.241
0.372
0.947
1.984
1.826
1.444
1.093
0.947
0.918
0.932
0.978
1.104
1.472
1.892
1.814
1.738
1.608
1.419
1.053
0.575
0.361
0.253
0.236
0.224
0.241
0.372
0.947
1.984
1.826
1.444
1.093
0.947
0.918
0.932
0.978
1.104
1.472
1.892
1.814
1.738
1.608
1.419
1.053
0.575
0.361
0.253
0.236
0.224
0.241
0.372
0.947
1.984
1.826
1.444
1.093
0.947
0.918
0.932
0.978
1.104
1.472
1.892
1.814
1.738
1.608
1.419
1.053
0.575
0.361
0.253
0.236
0.224
0.241
0.372
0.947
1.984
1.826
1.444
1.093
0.947
0.918
0.932
0.978
1.104
1.472
1.892
1.814
1.738
1.608
1.419
1.053
0.575
0.361
0.253
0.236
0.224
0.241
0.372
0.947
1.984
1.826
1.444
1.093
0.947
0.918
0.932
0.978
1.104
1.472
1.892
1.814
1.738
1.608
1.419
1.053
0.575
0.361
0.253
0.236
0.224
0.241
0.372
0.947
1.984
1.826
1.444
1.093
0.947
0.918
0.932
0.978
1.104
1.472
1.892
1.814
1.738
1.608
1.419
1.053
0.575
0.361
0.253
0.236
0.224
0.241
0.372
0.947
1.984
1.826
1.444
1.093
0.947
0.918
0.932
0.978
1.104
1.472
1.892
1.814
1.738
1.608
1.419
1.053
0.575
0.361
0.253
0.236
0.224
0.241
0.372
0.947
1.984
1.826
1.444
1.093
0.947
0.918
0.932
0.978
1.104
1.472
1.892
1.814
1.738
1.608
1.419
1.053
0.575
0.361
0.253
0.236
0.224
0.241
0.372
0.947
1.984
1.826
1.444
1.093
0.947
0.918
0.932
0.978
1.104
1.472
1.892
1.814
1.738
1.608
1.419
1.053
0.575
0.361
0.253
0.236
0.224
0.241
0.372
0.947
1.984
1.826
1.444
1.093
0.947
0.918
0.932
0.978
1.104
1.472
1.892
1.814
1.738
1.608
1.419
1.053
0.575
0.361
0.253
0.236
0.224
0.241
0.372
0.947
1.984
1.826
1.444
1.093
0.947
0.918
0.932
0.978
1.104
1.472
1.892
1.814
1.738
1.608
1.419
1.053
0.575
0.361
0.253
0.236
0.224
0.241
0.372
0.947
1.984
1.826
1.444
1.093
0.947
0.918
0.932
0.978
1.104
1.472
1.892
1.814
1.738
1.608
1.419
1.053
0.575
0.361
0.253
0.236
0.224
0.241
0.372
0.947
1.984
1.826
1.444
1.093
0.947
0.918
0.932
0.978
1.104
1.472
1.892
1.814
1.738
1.608
1.419
1.053
0.575
0.361
0.253
0.236
0.224
0.241
0.372
0.947
1.984
1.826
1.444
1.093
0.947
0.918
0.932
0.978
1.104
1.472
1.892
1.814
1.738
1.608
1.419
1.053
0.575
0.361
0.253
0.236
0.224
0.241
0.372
0.947
1.984
1.826
1.444
1.093
0.947
0.918
0.932
0.978
1.104
1.472
1.892
1.814
1.738
1.608
1.419
1.053
0.575
0.361
0.253
0.236
0.224
0.241
0.372
0.947
1.984
1.826
1.444
1.093
0.947
0.918
0.932
0.978
1.104
1.472
1.892
1.814
1.738
1.608
1.419
1.053
0.575
0.361
0.253
0.236
0.224
0.241
0.372
0.947
1.984
1.826
1.444
1.093
0.947
0.918
0.932
0.978
1.104
1.472
1.892
1.814
1.738
1.608
1.419
1.053
0.575
0.361
0.253
0.236
0.224
0.241
0.372
0.947
1.984
1.826
1.444
1.093
0.947
0.918
0.932
0.978
1.104
1.472
1.892
1.814
1.738
1.608
1.419
1.053
0.575
0.361
0.253
0.236
0.224
0.241
0.372
0.947
1.984
1.826
1.444
1.093
0.947
0.918
0.932
0.978
1.104
1.472
1.892
1.814
1.738
1.608
1.419
1.053
0.575
0.361
0.253
0.236
0.224
0.241
0.372
0.947
1.984
1.826
1.444
1.093
0.947
0.918
0.932
0.978
1.104
1.472
1.892
1.814
1.738
1.608
1.419
1.053
0.575
0.361
0.253
0.236
0.224
0.241
0.372
0.947
1.984
1.826
1.444
1.093
0.947
0.918
0.932
0.978
1.104
1.472
1.892
1.814
1.738
1.608
1.419
1.053
0.575
0.361
0.253
0.236
0.224
0.241
0.372
0.947
1.984
1.826
1.444
1.093
0.947
0.918
0.932
0.978
1.104
1.472
1.892
1.814
1.738
1.608
1.419
1.053
0.575
0.361
0.253
0.236
0.224
0.241
0.372
0.947
1.984
1.826
1.444
1.093
0.947
0.918
0.932
0.978
1.104
1.472
1.892
1.814
1.738
1.608
1.419
1.053
0.575
0.361
0.253
0.236
0.224
0.241
0.372
0.947
1.984
1.826
1.444
1.093
0.947
0.918
0.932
0.978
1.104
1.472
1.892
1.814
1.738
1.608
1.419
1.053
0.575
0.361
0.253
0.236
0.224
0.241
0.372
0.947
1.984
1.826
1.444
1.093
0.947
0.918
0.932
0.978
1.104
1.472
1.892
1.814
1.738
1.608
1.419
1.053
0.575
0.361
0.253
0.236
0.224
0.241
0.372
0.947
1.984
1.826
1.444
1.093
0.947
0.918
0.932
0.978
1.104
1.472
1.892
1.814
1.738
1.608
1.419
1.053
0.575
0.361
0.253
0.236
0.224
0.241
0.372
0.947
1.984
1.826
1.444
1.093
0.947
0.918
0.932
0.978
1.104
1.472
1.892
1.814
1.738
1.608
1.419
1.053
0.575
0.361
0.253
0.236
0.224
0.241
0.372
0.947
1.984
1.826
1.444
1.093
0.947
0.918
0.932
0.978
1.104
1.472
1.892
1.814
1.738
1.608
1.419
1.053
0.575
0.361
0.253
0.236
0.224
0.241
0.372
0.947
1.984
1.826
1.444
1.093
0.947
0.918
0.932
0.978
1.104
1.472
1.892
1.814
1.738
1.608
1.419
1.053
0.575
