1.156
0.840
0.795
0.835
0.882
1.286
2.947
6.049
5.563
4.572
3.533
3.168
3.020
3.190
3.266
3.562
4.554
5.929
5.483
5.393
4.937
4.532
3.450
1.827
1.156
0.840
0.795
0.835
0.882
1.286
2.947
6.049
5.563
4.572
3.533
3.168
3.020
3.190
3.266
3.562
4.554
5.929
5.483
5.393
4.937
4.532
3.450
1.827
1.156
0.840
0.795
0.835
0.882
1.286
2.947
6.049
5.563
4.572
3.533
3.168
3.020
3.190
3.266
3.562
4.554
5.929
5.483
5.393
4.937
4.532
3.450
1.827
1.156
0.840
0.795
0.835
0.882
1.286
2.947
6.049
5.563
4.572
3.533
3.168
3.020
3.190
3.266
3.562
4.554
5.929
5.483
5.393
4.937
4.532
3.450
1.827
1.156
0.840
0.795
0.835
0.882
1.286
2.947
6.049
5.563
4.572
3.533
3.168
3.020
3.190
3.266
3.562
4.554
5.929
5.483
5.393
4.937
4.532
3.450
1.827
1.156
0.840
0.795
0.835
0.882
1.286
2.947
6.049
5.563
4.572
3.533
3.168
3.020
3.190
3.266
3.562
4.554
5.929
5.483
5.393
4.937
4.532
3.450
1.827
1.156
0.840
0.795
0.835
0.882
1.286
2.947
6.049
5.563
4.572
3.533
3.168
3.020
3.190
3.266
3.562
4.554
5.929
5.483
5.393
4.937
4.532
3.450
1.827
1.156
0.840
0.795
0.835
0.882
1.286
2.947
6.049
5.563
4.572
3.533
3.168
3.020
3.190
3.266
3.562
4.554
5.929
5.483
5.393
4.937
4.532
3.450
1.827
1.156
0.840
0.795
0.835
0.882
1.286
2.947
6.049
5.563
4.572
3.533
3.168
3.020
3.190
3.266
3.562
4.554
5.929
5.483
5.393
4.937
4.532
3.450
1.827
1.156
0.840
0.795
0.835
0.882
1.286
2.947
6.049
5.563
4.572
3.533
3.168
3.020
3.190
3.266
3.562
4.554
5.929
5.483
5.393
4.937
4.532
3.450
1.827
1.156
0.840
0.795
0.835
0.882
1.286
2.947
6.049
5.563
4.572
3.533
3.168
3.020
3.190
3.266
3.562
4.554
5.929
5.483
5.393
4.937
4.532
3.450
1.827
1.156
0.840
0.795
0.835
0.882
1.286
2.947
6.049
5.563
4.572
3.533
3.168
3.020
3.190
3.266
3.562
4.554
5.929
5.483
5.393
4.937
4.532
3.450
1.827
1.156
0.840
0.795
0.835
0.882
1.286
2.947
6.049
5.563
4.572
3.533
3.168
3.020
3.190
3.266
3.562
4.554
5.929
5.483
5.393
4.937
4.532
3.450
1.827
1.156
0.840
0.795
0.835
0.882
1.286
2.947
6.049
5.563
4.572
3.533
3.168
3.020
3.190
3.266
3.562
4.554
5.929
5.483
5.393
4.937
4.532
3.450
1.827
1.156
0.840
0.795
0.835
0.882
1.286
2.947
6.049
5.563
4.572
3.533
3.168
3.020
3.190
3.266
3.562
4.554
5.929
5.483
5.393
4.937
4.532
3.450
1.827
1.156
0.840
0.795
0.835
0.882
1.286
2.947
6.049
5.563
4.572
3.533
3.168
3.020
3.190
3.266
3.562
4.554
5.929
5.483
5.393
4.937
4.532
3.450
1.827
1.156
0.840
0.795
0.835
0.882
1.286
2.947
6.049
5.563
4.572
3.533
3.168
3.020
3.190
3.266
3.562
4.554
5.929
5.483
5.393
4.937
4.532
3.450
1.827
1.156
0.840
0.795
0.835
0.882
1.286
2.947
6.049
5.563
4.572
3.533
3.168
3.020
3.190
3.266
3.562
4.554
5.929
5.483
5.393
4.937
4.532
3.450
1.827
1.156
0.840
0.795
0.835
0.882
1.286
2.947
6.049
5.563
4.572
3.533
3.168
3.020
3.190
3.266
3.562
4.554
5.929
5.483
5.393
4.937
4.532
3.450
1.827
1.156
0.840
0.795
0.835
0.882
1.286
2.947
6.049
5.563
4.572
3.533
3.168
3.020
3.190
3.266
3.562
4.554
5.929
5.483
5.393
4.937
4.532
3.450
1.827
1.156
0.840
0.795
0.835
0.882
1.286
2.947
6.049
5.563
4.572
3.533
3.168
3.020
3.190
3.266
3.562
4.554
5.929
5.483
5.393
4.937
4.532
3.450
1.827
1.156
0.840
0.795
0.835
0.882
1.286
2.947
6.049
5.563
4.572
3.533
3.168
3.020
3.190
3.266
3.562
4.554
5.929
5.483
5.393
4.937
4.532
3.450
1.827
1.156
0.840
0.795
0.835
0.882
1.286
2.947
6.049
5.563
4.572
3.533
3.168
3.020
3.190
3.266
3.562
4.554
5.929
5.483
5.393
4.937
4.532
3.450
1.827
1.156
0.840
0.795
0.835
0.882
1.286
2.947
6.049
5.563
4.572
3.533
3.168
3.020
3.190
3.266
3.562
4.554
5.929
5.483
5.393
4.937
4.532
3.450
1.827
1.156
0.840
0.795
0.835
0.882
1.286
2.947
6.049
5.563
4.572
3.533
3.168
3.020
3.190
3.266
3.562
4.554
5.929
5.483
5.393
4.937
4.532
3.450
1.827
1.156
0.840
0.795
0.835
0.882
1.286
2.947
6.049
5.563
4.572
3.533
3.168
3.020
3.190
3.266
3.562
4.554
5.929
5.483
5.393
4.937
4.532
3.450
1.827
1.156
0.840
0.795
0.835
0.882
1.286
2.947
6.049
5.563
4.572
3.533
3.168
3.020
3.190
3.266
3.562
4.554
5.929
5.483
5.393
4.937
4.532
3.450
1.827
1.156
0.840
0.795
0.835
0.882
1.286
2.947
6.049
5.563
4.572
3.533
3.168
3.020
3.190
3.266
3.562
4.554
5.929
5.483
5.393
4.937
4.532
3.450
1.827
1.156
0.840
0.795
0.835
0.882
1.286
2.947
6.049
5.563
4.572
3.533
3.168
3.020
3.190
3.266
3.562
4.554
5.929
5.483
5.393
4.937
4.532
3.450
1.827
1.156
0.840
0.795
0.835
0.882
1.286
2.947
6.049
5.563
4.572
3.533
3.168
3.020
3.190
3.266
3.562
4.554
5.929
5.483
5.393
4.937
4.532
3.450
1.827
1.156
0.840
0.795
0.835
0.882
1.286
2.947
6.049
5.563
4.572
3.533
3.168
3.020
3.190
3.266
3.562
4.554
5.929
5.483
5.393
4.937
4.532
3.450
1.827
0.982
0.650
0.627
0.648
0.728
1.206
2.870
5.862
5.466
4.169
3.011
2.582
2.487
2.653
2.637
2.926
3.896
5.482
5.294
5.113
4.578
4.178
3.073
1.616
0.982
0.650
0.627
0.648
0.728
1.206
2.870
5.862
5.466
4.169
3.011
2.582
2.487
2.653
2.637
2.926
3.896
5.482
5.294
5.113
4.578
4.178
3.073
1.616
0.982
0.650
0.627
0.648
0.728
1.206
2.870
5.862
5.466
4.169
3.011
2.582
2.487
2.653
2.637
2.926
3.896
5.482
5.294
5.113
4.578
4.178
3.073
1.616
0.982
0.650
0.627
0.648
0.728
1.206
2.870
5.862
5.466
4.169
3.011
2.582
2.487
2.653
2.637
2.926
3.896
5.482
5.294
5.113
4.578
4.178
3.073
1.616
0.982
0.650
0.627
0.648
0.728
1.206
2.870
5.862
5.466
4.169
3.011
2.582
2.487
2.653
2.637
2.926
3.896
5.482
5.294
5.113
4.578
4.178
3.073
1.616
0.982
0.650
0.627
0.648
0.728
1.206
2.870
5.862
5.466
4.169
3.011
2.582
2.487
2.653
2.637
2.926
3.896
5.482
5.294
5.113
4.578
4.178
3.073
1.616
0.982
0.650
0.627
0.648
0.728
1.206
2.870
5.862
5.466
4.169
3.011
2.582
2.487
2.653
2.637
2.926
3.896
5.482
5.294
5.113
4.578
4.178
3.073
1.616
0.982
0.650
0.627
0.648
0.728
1.206
2.870
5.862
5.466
4.169
3.011
2.582
2.487
2.653
2.637
2.926
3.896
5.482
5.294
5.113
4.578
4.178
3.073
1.616
0.982
0.650
0.627
0.648
0.728
1.206
2.870
5.862
5.466
4.169
3.011
2.582
2.487
2.653
2.637
2.926
3.896
5.482
5.294
5.113
4.578
4.178
3.073
1.616
0.982
0.650
0.627
0.648
0.728
1.206
2.870
5.862
5.466
4.169
3.011
2.582
2.487
2.653
2.637
2.926
3.896
5.482
5.294
5.113
4.578
4.178
3.073
1.616
0.982
0.650
0.627
0.648
0.728
1.206
2.870
5.862
5.466
4.169
3.011
2.582
2.487
2.653
2.637
2.926
3.896
5.482
5.294
5.113
4.578
4.178
3.073
1.616
0.982
0.650
0.627
0.648
0.728
1.206
2.870
5.862
5.466
4.169
3.011
2.582
2.487
2.653
2.637
2.926
3.896
5.482
5.294
5.113
4.578
4.178
3.073
1.616
0.982
0.650
0.627
0.648
0.728
1.206
2.870
5.862
5.466
4.169
3.011
2.582
2.487
2.653
2.637
2.926
3.896
5.482
5.294
5.113
4.578
4.178
3.073
1.616
0.982
0.650
0.627
0.648
0.728
1.206
2.870
5.862
5.466
4.169
3.011
2.582
2.487
2.653
2.637
2.926
3.896
5.482
5.294
5.113
4.578
4.178
3.073
1.616
0.982
0.650
0.627
0.648
0.728
1.206
2.870
5.862
5.466
4.169
3.011
2.582
2.487
2.653
2.637
2.926
3.896
5.482
5.294
5.113
4.578
4.178
3.073
1.616
0.982
0.650
0.627
0.648
0.728
1.206
2.870
5.862
5.466
4.169
3.011
2.582
2.487
2.653
2.637
2.926
3.896
5.482
5.294
5.113
4.578
4.178
3.073
1.616
0.982
0.650
0.627
0.648
0.728
1.206
2.870
5.862
5.466
4.169
3.011
2.582
2.487
2.653
2.637
2.926
3.896
5.482
5.294
5.113
4.578
4.178
3.073
1.616
0.982
0.650
0.627
0.648
0.728
1.206
2.870
5.862
5.466
4.169
3.011
2.582
2.487
2.653
2.637
2.926
3.896
5.482
5.294
5.113
4.578
4.178
3.073
1.616
0.982
0.650
0.627
0.648
0.728
1.206
2.870
5.862
5.466
4.169
3.011
2.582
2.487
2.653
2.637
2.926
3.896
5.482
5.294
5.113
4.578
4.178
3.073
1.616
0.982
0.650
0.627
0.648
0.728
1.206
2.870
5.862
5.466
4.169
3.011
2.582
2.487
2.653
2.637
2.926
3.896
5.482
5.294
5.113
4.578
4.178
3.073
1.616
0.982
0.650
0.627
0.648
0.728
1.206
2.870
5.862
5.466
4.169
3.011
2.582
2.487
2.653
2.637
2.926
3.896
5.482
5.294
5.113
4.578
4.178
3.073
1.616
0.982
0.650
0.627
0.648
0.728
1.206
2.870
5.862
5.466
4.169
3.011
2.582
2.487
2.653
2.637
2.926
3.896
5.482
5.294
5.113
4.578
4.178
3.073
1.616
0.982
0.650
0.627
0.648
0.728
1.206
2.870
5.862
5.466
4.169
3.011
2.582
2.487
2.653
2.637
2.926
3.896
5.482
5.294
5.113
4.578
4.178
3.073
1.616
0.982
0.650
0.627
0.648
0.728
1.206
2.870
5.862
5.466
4.169
3.011
2.582
2.487
2.653
2.637
2.926
3.896
5.482
5.294
5.113
4.578
4.178
3.073
1.616
0.982
0.650
0.627
0.648
0.728
1.206
2.870
5.862
5.466
4.169
3.011
2.582
2.487
2.653
2.637
2.926
3.896
5.482
5.294
5.113
4.578
4.178
3.073
1.616
0.982
0.650
0.627
0.648
0.728
1.206
2.870
5.862
5.466
4.169
3.011
2.582
2.487
2.653
2.637
2.926
3.896
5.482
5.294
5.113
4.578
4.178
3.073
1.616
0.982
0.650
0.627
0.648
0.728
1.206
2.870
5.862
5.466
4.169
3.011
2.582
2.487
2.653
2.637
2.926
3.896
5.482
5.294
5.113
4.578
4.178
3.073
1.616
0.982
0.650
0.627
0.648
0.728
1.206
2.870
5.862
5.466
4.169
3.011
2.582
2.487
2.653
2.637
2.926
3.896
5.482
5.294
5.113
4.578
4.178
3.073
1.616
0.635
0.384
0.363
0.387
0.451
0.946
2.679
5.380
4.617
3.067
1.772
1.297
1.354
1.355
1.376
1.660
2.705
4.287
4.293
4.208
3.779
3.339
2.424
1.114
0.635
0.384
0.363
0.387
0.451
0.946
2.679
5.380
4.617
3.067
1.772
1.297
1.354
1.355
1.376
1.660
2.705
4.287
4.293
4.208
3.779
3.339
2.424
1.114
0.635
0.384
0.363
0.387
0.451
0.946
2.679
5.380
4.617
3.067
1.772
1.297
1.354
1.355
1.376
1.660
2.705
4.287
4.293
4.208
3.779
3.339
2.424
1.114
0.635
0.384
0.363
0.387
0.451
0.946
2.679
5.380
4.617
3.067
1.772
1.297
1.354
1.355
1.376
1.660
2.705
4.287
4.293
4.208
3.779
3.339
2.424
1.114
0.635
0.384
0.363
0.387
0.451
0.946
2.679
5.380
4.617
3.067
1.772
1.297
1.354
1.355
1.376
1.660
2.705
4.287
4.293
4.208
3.779
3.339
2.424
1.114
0.635
0.384
0.363
0.387
0.451
0.946
2.679
5.380
4.617
3.067
1.772
1.297
1.354
1.355
1.376
1.660
2.705
4.287
4.293
4.208
3.779
3.339
2.424
1.114
0.635
0.384
0.363
0.387
0.451
0.946
2.679
5.380
4.617
3.067
1.772
1.297
1.354
1.355
1.376
1.660
2.705
4.287
4.293
4.208
3.779
3.339
2.424
1.114
0.635
0.384
0.363
0.387
0.451
0.946
2.679
5.380
4.617
3.067
1.772
1.297
1.354
1.355
1.376
1.660
2.705
4.287
4.293
4.208
3.779
3.339
2.424
1.114
0.635
0.384
0.363
0.387
0.451
0.946
2.679
5.380
4.617
3.067
1.772
1.297
1.354
1.355
1.376
1.660
2.705
4.287
4.293
4.208
3.779
3.339
2.424
1.114
0.635
0.384
0.363
0.387
0.451
0.946
2.679
5.380
4.617
3.067
1.772
1.297
1.354
1.355
1.376
1.660
2.705
4.287
4.293
4.208
3.779
3.339
2.424
1.114
0.635
0.384
0.363
0.387
0.451
0.946
2.679
5.380
4.617
3.067
1.772
1.297
1.354
1.355
1.376
1.660
2.705
4.287
4.293
4.208
3.779
3.339
2.424
1.114
0.635
0.384
0.363
0.387
0.451
0.946
2.679
5.380
4.617
3.067
1.772
1.297
1.354
1.355
1.376
1.660
2.705
4.287
4.293
4.208
3.779
3.339
2.424
1.114
0.635
0.384
0.363
0.387
0.451
0.946
2.679
5.380
4.617
3.067
1.772
1.297
1.354
1.355
1.376
1.660
2.705
4.287
4.293
4.208
3.779
3.339
2.424
1.114
0.635
0.384
0.363
0.387
0.451
0.946
2.679
5.380
4.617
3.067
1.772
1.297
1.354
1.355
1.376
1.660
2.705
4.287
4.293
4.208
3.779
3.339
2.424
1.114
0.635
0.384
0.363
0.387
0.451
0.946
2.679
5.380
4.617
3.067
1.772
1.297
1.354
1.355
1.376
1.660
2.705
4.287
4.293
4.208
3.779
3.339
2.424
1.114
0.635
0.384
0.363
0.387
0.451
0.946
2.679
5.380
4.617
3.067
1.772
1.297
1.354
1.355
1.376
1.660
2.705
4.287
4.293
4.208
3.779
3.339
2.424
1.114
0.635
0.384
0.363
0.387
0.451
0.946
2.679
5.380
4.617
3.067
1.772
1.297
1.354
1.355
1.376
1.660
2.705
4.287
4.293
4.208
3.779
3.339
2.424
1.114
0.635
0.384
0.363
0.387
0.451
0.946
2.679
5.380
4.617
3.067
1.772
1.297
1.354
1.355
1.376
1.660
2.705
4.287
4.293
4.208
3.779
3.339
2.424
1.114
0.635
0.384
0.363
0.387
0.451
0.946
2.679
5.380
4.617
3.067
1.772
1.297
1.354
1.355
1.376
1.660
2.705
4.287
4.293
4.208
3.779
3.339
2.424
1.114
0.635
0.384
0.363
0.387
0.451
0.946
2.679
5.380
4.617
3.067
1.772
1.297
1.354
1.355
1.376
1.660
2.705
4.287
4.293
4.208
3.779
3.339
2.424
1.114
0.635
0.384
0.363
0.387
0.451
0.946
2.679
5.380
4.617
3.067
1.772
1.297
1.354
1.355
1.376
1.660
2.705
4.287
4.293
4.208
3.779
3.339
2.424
1.114
0.635
0.384
0.363
0.387
0.451
0.946
2.679
5.380
4.617
3.067
1.772
1.297
1.354
1.355
1.376
1.660
2.705
4.287
4.293
4.208
3.779
3.339
2.424
1.114
0.635
0.384
0.363
0.387
0.451
0.946
2.679
5.380
4.617
3.067
1.772
1.297
1.354
1.355
1.376
1.660
2.705
4.287
4.293
4.208
3.779
3.339
2.424
1.114
0.635
0.384
0.363
0.387
0.451
0.946
2.679
5.380
4.617
3.067
1.772
1.297
1.354
1.355
1.376
1.660
2.705
4.287
4.293
4.208
3.779
3.339
2.424
1.114
0.635
0.384
0.363
0.387
0.451
0.946
2.679
5.380
4.617
3.067
1.772
1.297
1.354
1.355
1.376
1.660
2.705
4.287
4.293
4.208
3.779
3.339
2.424
1.114
0.635
0.384
0.363
0.387
0.451
0.946
2.679
5.380
4.617
3.067
1.772
1.297
1.354
1.355
1.376
1.660
2.705
4.287
4.293
4.208
3.779
3.339
2.424
1.114
0.635
0.384
0.363
0.387
0.451
0.946
2.679
5.380
4.617
3.067
1.772
1.297
1.354
1.355
1.376
1.660
2.705
4.287
4.293
4.208
3.779
3.339
2.424
1.114
0.635
0.384
0.363
0.387
0.451
0.946
2.679
5.380
4.617
3.067
1.772
1.297
1.354
1.355
1.376
1.660
2.705
4.287
4.293
4.208
3.779
3.339
2.424
1.114
0.635
0.384
0.363
0.387
0.451
0.946
2.679
5.380
4.617
3.067
1.772
1.297
1.354
1.355
1.376
1.660
2.705
4.287
4.293
4.208
3.779
3.339
2.424
0.635
0.384
0.363
0.387
0.451
0.946
2.679
5.380
4.617
3.067
1.772
1.297
1.354
1.355
1.376
1.660
2.705
4.287
4.293
4.208
3.779
3.339
2.424
1.114
0.635
0.384
0.363
0.387
0.451
0.946
2.679
5.380
4.617
3.067
1.772
1.297
1.354
1.355
1.376
1.660
2.705
4.287
4.293
4.208
3.779
3.339
2.424
1.114
0.635
0.214
0.214
0.274
0.489
1.629
3.421
3.232
2.000
1.100
0.811
0.702
0.760
0.646
0.740
1.049
2.292
2.189
2.318
2.161
1.907
1.425
0.724
0.381
0.243
0.214
0.214
0.274
0.489
1.629
3.421
3.232
2.000
1.100
0.811
0.702
0.760
0.646
0.740
1.049
2.292
2.189
2.318
2.161
1.907
1.425
0.724
0.381
0.243
0.214
0.214
0.274
0.489
1.629
3.421
3.232
2.000
1.100
0.811
0.702
0.760
0.646
0.740
1.049
2.292
2.189
2.318
2.161
1.907
1.425
0.724
0.381
0.243
0.214
0.214
0.274
0.489
1.629
3.421
3.232
2.000
1.100
0.811
0.702
0.760
0.646
0.740
1.049
2.292
2.189
2.318
2.161
1.907
1.425
0.724
0.381
0.243
0.214
0.214
0.274
0.489
1.629
3.421
3.232
2.000
1.100
0.811
0.702
0.760
0.646
0.740
1.049
2.292
2.189
2.318
2.161
1.907
1.425
0.724
0.381
0.243
0.214
0.214
0.274
0.489
1.629
3.421
3.232
2.000
1.100
0.811
0.702
0.760
0.646
0.740
1.049
2.292
2.189
2.318
2.161
1.907
1.425
0.724
0.381
0.243
0.214
0.214
0.274
0.489
1.629
3.421
3.232
2.000
1.100
0.811
0.702
0.760
0.646
0.740
1.049
2.292
2.189
2.318
2.161
1.907
1.425
0.724
0.381
0.243
0.214
0.214
0.274
0.489
1.629
3.421
3.232
2.000
1.100
0.811
0.702
0.760
0.646
0.740
1.049
2.292
2.189
2.318
2.161
1.907
1.425
0.724
0.381
0.243
0.214
0.214
0.274
0.489
1.629
3.421
3.232
2.000
1.100
0.811
0.702
0.760
0.646
0.740
1.049
2.292
2.189
2.318
2.161
1.907
1.425
0.724
0.381
0.243
0.214
0.214
0.274
0.489
1.629
3.421
3.232
2.000
1.100
0.811
0.702
0.760
0.646
0.740
1.049
2.292
2.189
2.318
2.161
1.907
1.425
0.724
0.381
0.243
0.214
0.214
0.274
0.489
1.629
3.421
3.232
2.000
1.100
0.811
0.702
0.760
0.646
0.740
1.049
2.292
2.189
2.318
2.161
1.907
1.425
0.724
0.381
0.243
0.214
0.214
0.274
0.489
1.629
3.421
3.232
2.000
1.100
0.811
0.702
0.760
0.646
0.740
1.049
2.292
2.189
2.318
2.161
1.907
1.425
0.724
0.381
0.243
0.214
0.214
0.274
0.489
1.629
3.421
3.232
2.000
1.100
0.811
0.702
0.760
0.646
0.740
1.049
2.292
2.189
2.318
2.161
1.907
1.425
0.724
0.381
0.243
0.214
0.214
0.274
0.489
1.629
3.421
3.232
2.000
1.100
0.811
0.702
0.760
0.646
0.740
1.049
2.292
2.189
2.318
2.161
1.907
1.425
0.724
0.381
0.243
0.214
0.214
0.274
0.489
1.629
3.421
3.232
2.000
1.100
0.811
0.702
0.760
0.646
0.740
1.049
2.292
2.189
2.318
2.161
1.907
1.425
0.724
0.381
0.243
0.214
0.214
0.274
0.489
1.629
3.421
3.232
2.000
1.100
0.811
0.702
0.760
0.646
0.740
1.049
2.292
2.189
2.318
2.161
1.907
1.425
0.724
0.381
0.243
0.214
0.214
0.274
0.489
1.629
3.421
3.232
2.000
1.100
0.811
0.702
0.760
0.646
0.740
1.049
2.292
2.189
2.318
2.161
1.907
1.425
0.724
0.381
0.243
0.214
0.214
0.274
0.489
1.629
3.421
3.232
2.000
1.100
0.811
0.702
0.760
0.646
0.740
1.049
2.292
2.189
2.318
2.161
1.907
1.425
0.724
0.381
0.243
0.214
0.214
0.274
0.489
1.629
3.421
3.232
2.000
1.100
0.811
0.702
0.760
0.646
0.740
1.049
2.292
2.189
2.318
2.161
1.907
1.425
0.724
0.381
0.243
0.214
0.214
0.274
0.489
1.629
3.421
3.232
2.000
1.100
0.811
0.702
0.760
0.646
0.740
1.049
2.292
2.189
2.318
2.161
1.907
1.425
0.724
0.381
0.243
0.214
0.214
0.274
0.489
1.629
3.421
3.232
2.000
1.100
0.811
0.702
0.760
0.646
0.740
1.049
2.292
2.189
2.318
2.161
1.907
1.425
0.724
0.381
0.243
0.214
0.214
0.274
0.489
1.629
3.421
3.232
2.000
1.100
0.811
0.702
0.760
0.646
0.740
1.049
2.292
2.189
2.318
2.161
1.907
1.425
0.724
0.381
0.243
0.214
0.214
0.274
0.489
1.629
3.421
3.232
2.000
1.100
0.811
0.702
0.760
0.646
0.740
1.049
2.292
2.189
2.318
2.161
1.907
1.425
0.724
0.381
0.243
0.214
0.214
0.274
0.489
1.629
3.421
3.232
2.000
1.100
0.811
0.702
0.760
0.646
0.740
1.049
2.292
2.189
2.318
2.161
1.907
1.425
0.724
0.381
0.243
0.214
0.214
0.274
0.489
1.629
3.421
3.232
2.000
1.100
0.811
0.702
0.760
0.646
0.740
1.049
2.292
2.189
2.318
2.161
1.907
1.425
0.724
0.381
0.243
0.214
0.214
0.274
0.489
1.629
3.421
3.232
2.000
1.100
0.811
0.702
0.760
0.646
0.740
1.049
2.292
2.189
2.318
2.161
1.907
1.425
0.724
0.381
0.243
0.214
0.214
0.274
0.489
1.629
3.421
3.232
2.000
1.100
0.811
0.702
0.760
0.646
0.740
1.049
2.292
2.189
2.318
2.161
1.907
1.425
0.724
0.381
0.243
0.214
0.214
0.274
0.489
1.629
3.421
3.232
2.000
1.100
0.811
0.702
0.760
0.646
0.740
1.049
2.292
2.189
2.318
2.161
1.907
1.425
0.724
0.381
0.243
0.214
0.214
0.274
0.489
1.629
3.421
3.232
2.000
1.100
0.811
0.702
0.760
0.646
0.740
1.049
2.292
2.189
2.318
2.161
1.907
1.425
0.724
0.381
0.243
0.214
0.214
0.274
0.489
1.629
3.421
3.232
2.000
1.100
0.811
0.702
0.760
0.646
0.740
1.049
2.292
2.189
2.318
2.161
1.907
1.425
0.724
0.381
0.243
0.157
0.151
0.207
0.386
1.118
2.255
2.022
1.237
0.718
0.533
0.523
0.554
0.514
0.558
0.810
1.705
1.597
1.558
1.354
1.195
0.881
0.492
0.280
0.167
0.157
0.151
0.207
0.386
1.118
2.255
2.022
1.237
0.718
0.533
0.523
0.554
0.514
0.558
0.810
1.705
1.597
1.558
1.354
1.195
0.881
0.492
0.280
0.167
0.157
0.151
0.207
0.386
1.118
2.255
2.022
1.237
0.718
0.533
0.523
0.554
0.514
0.558
0.810
1.705
1.597
1.558
1.354
1.195
0.881
0.492
0.280
0.167
0.157
0.151
0.207
0.386
1.118
2.255
2.022
1.237
0.718
0.533
0.523
0.554
0.514
0.558
0.810
1.705
1.597
1.558
1.354
1.195
0.881
0.492
0.280
0.167
0.157
0.151
0.207
0.386
1.118
2.255
2.022
1.237
0.718
0.533
0.523
0.554
0.514
0.558
0.810
1.705
1.597
1.558
1.354
1.195
0.881
0.492
0.280
0.167
0.157
0.151
0.207
0.386
1.118
2.255
2.022
1.237
0.718
0.533
0.523
0.554
0.514
0.558
0.810
1.705
1.597
1.558
1.354
1.195
0.881
0.492
0.280
0.167
0.157
0.151
0.207
0.386
1.118
2.255
2.022
1.237
0.718
0.533
0.523
0.554
0.514
0.558
0.810
1.705
1.597
1.558
1.354
1.195
0.881
0.492
0.280
0.167
0.157
0.151
0.207
0.386
1.118
2.255
2.022
1.237
0.718
0.533
0.523
0.554
0.514
0.558
0.810
1.705
1.597
1.558
1.354
1.195
0.881
0.492
0.280
0.167
0.157
0.151
0.207
0.386
1.118
2.255
2.022
1.237
0.718
0.533
0.523
0.554
0.514
0.558
0.810
1.705
1.597
1.558
1.354
1.195
0.881
0.492
0.280
0.167
0.157
0.151
0.207
0.386
1.118
2.255
2.022
1.237
0.718
0.533
0.523
0.554
0.514
0.558
0.810
1.705
1.597
1.558
1.354
1.195
0.881
0.492
0.280
0.167
0.157
0.151
0.207
0.386
1.118
2.255
2.022
1.237
0.718
0.533
0.523
0.554
0.514
0.558
0.810
1.705
1.597
1.558
1.354
1.195
0.881
0.492
0.280
0.167
0.157
0.151
0.207
0.386
1.118
2.255
2.022
1.237
0.718
0.533
0.523
0.554
0.514
0.558
0.810
1.705
1.597
1.558
1.354
1.195
0.881
0.492
0.280
0.167
0.157
0.151
0.207
0.386
1.118
2.255
2.022
1.237
0.718
0.533
0.523
0.554
0.514
0.558
0.810
1.705
1.597
1.558
1.354
1.195
0.881
0.492
0.280
0.167
0.157
0.151
0.207
0.386
1.118
2.255
2.022
1.237
0.718
0.533
0.523
0.554
0.514
0.558
0.810
1.705
1.597
1.558
1.354
1.195
0.881
0.492
0.280
0.167
0.157
0.151
0.207
0.386
1.118
2.255
2.022
1.237
0.718
0.533
0.523
0.554
0.514
0.558
0.810
1.705
1.597
1.558
1.354
1.195
0.881
0.492
0.280
0.167
0.157
0.151
0.207
0.386
1.118
2.255
2.022
1.237
0.718
0.533
0.523
0.554
0.514
0.558
0.810
1.705
1.597
1.558
1.354
1.195
0.881
0.492
0.280
0.167
0.157
0.151
0.207
0.386
1.118
2.255
2.022
1.237
0.718
0.533
0.523
0.554
0.514
0.558
0.810
1.705
1.597
1.558
1.354
1.195
0.881
0.492
0.280
0.167
0.157
0.151
0.207
0.386
1.118
2.255
2.022
1.237
0.718
0.533
0.523
0.554
0.514
0.558
0.810
1.705
1.597
1.558
1.354
1.195
0.881
0.492
0.280
0.167
0.157
0.151
0.207
0.386
1.118
2.255
2.022
1.237
0.718
0.533
0.523
0.554
0.514
0.558
0.810
1.705
1.597
1.558
1.354
1.195
0.881
0.492
0.280
0.167
0.157
0.151
0.207
0.386
1.118
2.255
2.022
1.237
0.718
0.533
0.523
0.554
0.514
0.558
0.810
1.705
1.597
1.558
1.354
1.195
0.881
0.492
0.280
0.167
0.157
0.151
0.207
0.386
1.118
2.255
2.022
1.237
0.718
0.533
0.523
0.554
0.514
0.558
0.810
1.705
1.597
1.558
1.354
1.195
0.881
0.492
0.280
0.167
0.157
0.151
0.207
0.386
1.118
2.255
2.022
1.237
0.718
0.533
0.523
0.554
0.514
0.558
0.810
1.705
1.597
1.558
1.354
1.195
0.881
0.492
0.280
0.167
0.157
0.151
0.207
0.386
1.118
2.255
2.022
1.237
0.718
0.533
0.523
0.554
0.514
0.558
0.810
1.705
1.597
1.558
1.354
1.195
0.881
0.492
0.280
0.167
0.157
0.151
0.207
0.386
1.118
2.255
2.022
1.237
0.718
0.533
0.523
0.554
0.514
0.558
0.810
1.705
1.597
1.558
1.354
1.195
0.881
0.492
0.280
0.167
0.157
0.151
0.207
0.386
1.118
2.255
2.022
1.237
0.718
0.533
0.523
0.554
0.514
0.558
0.810
1.705
1.597
1.558
1.354
1.195
0.881
0.492
0.280
0.167
0.157
0.151
0.207
0.386
1.118
2.255
2.022
1.237
0.718
0.533
0.523
0.554
0.514
0.558
0.810
1.705
1.597
1.558
1.354
1.195
0.881
0.492
0.280
0.167
0.157
0.151
0.207
0.386
1.118
2.255
2.022
1.237
0.718
0.533
0.523
0.554
0.514
0.558
0.810
1.705
1.597
1.558
1.354
1.195
0.881
0.492
0.280
0.167
0.157
0.151
0.207
0.386
1.118
2.255
2.022
1.237
0.718
0.533
0.523
0.554
0.514
0.558
0.810
1.705
1.597
1.558
1.354
1.195
0.881
0.492
0.280
0.167
0.157
0.151
0.207
0.386
1.118
2.255
2.022
1.237
0.718
0.533
0.523
0.554
0.514
0.558
0.810
1.705
1.597
1.558
1.354
1.195
0.881
0.492
0.280
0.167
0.157
0.151
0.207
0.386
1.118
2.255
2.022
1.237
0.718
0.533
0.523
0.554
0.514
0.558
0.810
1.705
1.597
1.558
1.354
1.195
0.881
0.492
0.280
0.167
0.157
0.151
0.207
0.386
1.118
2.255
2.022
1.237
0.718
0.533
0.523
0.554
0.514
0.558
0.810
1.705
1.597
1.558
1.354
1.195
0.881
0.492
0.280
0.167
0.098
0.087
0.112
0.229
0.696
1.260
1.124
0.706
0.420
0.326
0.301
0.321
0.297
0.355
0.518
1.059
1.003
0.912
0.713
0.544
0.436
0.239
0.173
0.104
0.098
0.087
0.112
0.229
0.696
1.260
1.124
0.706
0.420
0.326
0.301
0.321
0.297
0.355
0.518
1.059
1.003
0.912
0.713
0.544
0.436
0.239
0.173
0.104
0.098
0.087
0.112
0.229
0.696
1.260
1.124
0.706
0.420
0.326
0.301
0.321
0.297
0.355
0.518
1.059
1.003
0.912
0.713
0.544
0.436
0.239
0.173
0.104
0.098
0.087
0.112
0.229
0.696
1.260
1.124
0.706
0.420
0.326
0.301
0.321
0.297
0.355
0.518
1.059
1.003
0.912
0.713
0.544
0.436
0.239
0.173
0.104
0.098
0.087
0.112
0.229
0.696
1.260
1.124
0.706
0.420
0.326
0.301
0.321
0.297
0.355
0.518
1.059
1.003
0.912
0.713
0.544
0.436
0.239
0.173
0.104
0.098
0.087
0.112
0.229
0.696
1.260
1.124
0.706
0.420
0.326
0.301
0.321
0.297
0.355
0.518
1.059
1.003
0.912
0.713
0.544
0.436
0.239
0.173
0.104
0.098
0.087
0.112
0.229
0.696
1.260
1.124
0.706
0.420
0.326
0.301
0.321
0.297
0.355
0.518
1.059
1.003
0.912
0.713
0.544
0.436
0.239
0.173
0.104
0.098
0.087
0.112
0.229
0.696
1.260
1.124
0.706
0.420
0.326
0.301
0.321
0.297
0.355
0.518
1.059
1.003
0.912
0.713
0.544
0.436
0.239
0.173
0.104
0.098
0.087
0.112
0.229
0.696
1.260
1.124
0.706
0.420
0.326
0.301
0.321
0.297
0.355
0.518
1.059
1.003
0.912
0.713
0.544
0.436
0.239
0.173
0.104
0.098
0.087
0.112
0.229
0.696
1.260
1.124
0.706
0.420
0.326
0.301
0.321
0.297
0.355
0.518
1.059
1.003
0.912
0.713
0.544
0.436
0.239
0.173
0.104
0.098
0.087
0.112
0.229
0.696
1.260
1.124
0.706
0.420
0.326
0.301
0.321
0.297
0.355
0.518
1.059
1.003
0.912
0.713
0.544
0.436
0.239
0.173
0.104
0.098
0.087
0.112
0.229
0.696
1.260
1.124
0.706
0.420
0.326
0.301
0.321
0.297
0.355
0.518
1.059
1.003
0.912
0.713
0.544
0.436
0.239
0.173
0.104
0.098
0.087
0.112
0.229
0.696
1.260
1.124
0.706
0.420
0.326
0.301
0.321
0.297
0.355
0.518
1.059
1.003
0.912
0.713
0.544
0.436
0.239
0.173
0.104
0.098
0.087
0.112
0.229
0.696
1.260
1.124
0.706
0.420
0.326
0.301
0.321
0.297
0.355
0.518
1.059
1.003
0.912
0.713
0.544
0.436
0.239
0.173
0.104
0.098
0.087
0.112
0.229
0.696
1.260
1.124
0.706
0.420
0.326
0.301
0.321
0.297
0.355
0.518
1.059
1.003
0.912
0.713
0.544
0.436
0.239
0.173
0.104
0.098
0.087
0.112
0.229
0.696
1.260
1.124
0.706
0.420
0.326
0.301
0.321
0.297
0.355
0.518
1.059
1.003
0.912
0.713
0.544
0.436
0.239
0.173
0.104
0.098
0.087
0.112
0.229
0.696
1.260
1.124
0.706
0.420
0.326
0.301
0.321
0.297
0.355
0.518
1.059
1.003
0.912
0.713
0.544
0.436
0.239
0.173
0.104
0.098
0.087
0.112
0.229
0.696
1.260
1.124
0.706
0.420
0.326
0.301
0.321
0.297
0.355
0.518
1.059
1.003
0.912
0.713
0.544
0.436
0.239
0.173
0.104
0.098
0.087
0.112
0.229
0.696
1.260
1.124
0.706
0.420
0.326
0.301
0.321
0.297
0.355
0.518
1.059
1.003
0.912
0.713
0.544
0.436
0.239
0.173
0.104
0.098
0.087
0.112
0.229
0.696
1.260
1.124
0.706
0.420
0.326
0.301
0.321
0.297
0.355
0.518
1.059
1.003
0.912
0.713
0.544
0.436
0.239
0.173
0.104
0.098
0.087
0.112
0.229
0.696
1.260
1.124
0.706
0.420
0.326
0.301
0.321
0.297
0.355
0.518
1.059
1.003
0.912
0.713
0.544
0.436
0.239
0.173
0.104
0.098
0.087
0.112
0.229
0.696
1.260
1.124
0.706
0.420
0.326
0.301
0.321
0.297
0.355
0.518
1.059
1.003
0.912
0.713
0.544
0.436
0.239
0.173
0.104
0.098
0.087
0.112
0.229
0.696
1.260
1.124
0.706
0.420
0.326
0.301
0.321
0.297
0.355
0.518
1.059
1.003
0.912
0.713
0.544
0.436
0.239
0.173
0.104
0.098
0.087
0.112
0.229
0.696
1.260
1.124
0.706
0.420
0.326
0.301
0.321
0.297
0.355
0.518
1.059
1.003
0.912
0.713
0.544
0.436
0.239
0.173
0.104
0.098
0.087
0.112
0.229
0.696
1.260
1.124
0.706
0.420
0.326
0.301
0.321
0.297
0.355
0.518
1.059
1.003
0.912
0.713
0.544
0.436
0.239
0.173
0.104
0.098
0.087
0.112
0.229
0.696
1.260
1.124
0.706
0.420
0.326
0.301
0.321
0.297
0.355
0.518
1.059
1.003
0.912
0.713
0.544
0.436
0.239
0.173
0.104
0.098
0.087
0.112
0.229
0.696
1.260
1.124
0.706
0.420
0.326
0.301
0.321
0.297
0.355
0.518
1.059
1.003
0.912
0.713
0.544
0.436
0.239
0.173
0.104
0.098
0.087
0.112
0.229
0.696
1.260
1.124
0.706
0.420
0.326
0.301
0.321
0.297
0.355
0.518
1.059
1.003
0.912
0.713
0.544
0.436
0.239
0.173
0.104
0.098
0.087
0.112
0.229
0.696
1.260
1.124
0.706
0.420
0.326
0.301
0.321
0.297
0.355
0.518
1.059
1.003
0.912
0.713
0.544
0.436
0.239
0.173
0.104
0.098
0.087
0.112
0.229
0.696
1.260
1.124
0.706
0.420
0.326
0.301
0.321
0.297
0.355
0.518
1.059
1.003
0.912
0.713
0.544
0.436
0.239
0.173
0.104
0.079
0.075
0.089
0.185
0.519
0.992
0.895
0.554
0.341
0.276
0.276
0.280
0.246
0.279
0.444
0.936
0.804
0.729
0.506
0.399
0.314
0.190
0.151
0.102
0.079
0.075
0.089
0.185
0.519
0.992
0.895
0.554
0.341
0.276
0.276
0.280
0.246
0.279
0.444
0.936
0.804
0.729
0.506
0.399
0.314
0.190
0.151
0.102
0.079
0.075
0.089
0.185
0.519
0.992
0.895
0.554
0.341
0.276
0.276
0.280
0.246
0.279
0.444
0.936
0.804
0.729
0.506
0.399
0.314
0.190
0.151
0.102
0.079
0.075
0.089
0.185
0.519
0.992
0.895
0.554
0.341
0.276
0.276
0.280
0.246
0.279
0.444
0.936
0.804
0.729
0.506
0.399
0.314
0.190
0.151
0.102
0.079
0.075
0.089
0.185
0.519
0.992
0.895
0.554
0.341
0.276
0.276
0.280
0.246
0.279
0.444
0.936
0.804
0.729
0.506
0.399
0.314
0.190
0.151
0.102
0.079
0.075
0.089
0.185
0.519
0.992
0.895
0.554
0.341
0.276
0.276
0.280
0.246
0.279
0.444
0.936
0.804
0.729
0.506
0.399
0.314
0.190
0.151
0.102
0.079
0.075
0.089
0.185
0.519
0.992
0.895
0.554
0.341
0.276
0.276
0.280
0.246
0.279
0.444
0.936
0.804
0.729
0.506
0.399
0.314
0.190
0.151
0.102
0.079
0.075
0.089
0.185
0.519
0.992
0.895
0.554
0.341
0.276
0.276
0.280
0.246
0.279
0.444
0.936
0.804
0.729
0.506
0.399
0.314
0.190
0.151
0.102
0.079
0.075
0.089
0.185
0.519
0.992
0.895
0.554
0.341
0.276
0.276
0.280
0.246
0.279
0.444
0.936
0.804
0.729
0.506
0.399
0.314
0.190
0.151
0.102
0.079
0.075
0.089
0.185
0.519
0.992
0.895
0.554
0.341
0.276
0.276
0.280
0.246
0.279
0.444
0.936
0.804
0.729
0.506
0.399
0.314
0.190
0.151
0.102
0.079
0.075
0.089
0.185
0.519
0.992
0.895
0.554
0.341
0.276
0.276
0.280
0.246
0.279
0.444
0.936
0.804
0.729
0.506
0.399
0.314
0.190
0.151
0.102
0.079
0.075
0.089
0.185
0.519
0.992
0.895
0.554
0.341
0.276
0.276
0.280
0.246
0.279
0.444
0.936
0.804
0.729
0.506
0.399
0.314
0.190
0.151
0.102
0.079
0.075
0.089
0.185
0.519
0.992
0.895
0.554
0.341
0.276
0.276
0.280
0.246
0.279
0.444
0.936
0.804
0.729
0.506
0.399
0.314
0.190
0.151
0.102
0.079
0.075
0.089
0.185
0.519
0.992
0.895
0.554
0.341
0.276
0.276
0.280
0.246
0.279
0.444
0.936
0.804
0.729
0.506
0.399
0.314
0.190
0.151
0.102
0.079
0.075
0.089
0.185
0.519
0.992
0.895
0.554
0.341
0.276
0.276
0.280
0.246
0.279
0.444
0.936
0.804
0.729
0.506
0.399
0.314
0.190
0.151
0.102
0.079
0.075
0.089
0.185
0.519
0.992
0.895
0.554
0.341
0.276
0.276
0.280
0.246
0.279
0.444
0.936
0.804
0.729
0.506
0.399
0.314
0.190
0.151
0.102
0.079
0.075
0.089
0.185
0.519
0.992
0.895
0.554
0.341
0.276
0.276
0.280
0.246
0.279
0.444
0.936
0.804
0.729
0.506
0.399
0.314
0.190
0.151
0.102
0.079
0.075
0.089
0.185
0.519
0.992
0.895
0.554
0.341
0.276
0.276
0.280
0.246
0.279
0.444
0.936
0.804
0.729
0.506
0.399
0.314
0.190
0.151
0.102
0.079
0.075
0.089
0.185
0.519
0.992
0.895
0.554
0.341
0.276
0.276
0.280
0.246
0.279
0.444
0.936
0.804
0.729
0.506
0.399
0.314
0.190
0.151
0.102
0.079
0.075
0.089
0.185
0.519
0.992
0.895
0.554
0.341
0.276
0.276
0.280
0.246
0.279
0.444
0.936
0.804
0.729
0.506
0.399
0.314
0.190
0.151
0.102
0.079
0.075
0.089
0.185
0.519
0.992
0.895
0.554
0.341
0.276
0.276
0.280
0.246
0.279
0.444
0.936
0.804
0.729
0.506
0.399
0.314
0.190
0.151
0.102
0.079
0.075
0.089
0.185
0.519
0.992
0.895
0.554
0.341
0.276
0.276
0.280
0.246
0.279
0.444
0.936
0.804
0.729
0.506
0.399
0.314
0.190
0.151
0.102
0.079
0.075
0.089
0.185
0.519
0.992
0.895
0.554
0.341
0.276
0.276
0.280
0.246
0.279
0.444
0.936
0.804
0.729
0.506
0.399
0.314
0.190
0.151
0.102
0.079
0.075
0.089
0.185
0.519
0.992
0.895
0.554
0.341
0.276
0.276
0.280
0.246
0.279
0.444
0.936
0.804
0.729
0.506
0.399
0.314
0.190
0.151
0.102
0.079
0.075
0.089
0.185
0.519
0.992
0.895
0.554
0.341
0.276
0.276
0.280
0.246
0.279
0.444
0.936
0.804
0.729
0.506
0.399
0.314
0.190
0.151
0.102
0.079
0.075
0.089
0.185
0.519
0.992
0.895
0.554
0.341
0.276
0.276
0.280
0.246
0.279
0.444
0.936
0.804
0.729
0.506
0.399
0.314
0.190
0.151
0.102
0.079
0.075
0.089
0.185
0.519
0.992
0.895
0.554
0.341
0.276
0.276
0.280
0.246
0.279
0.444
0.936
0.804
0.729
0.506
0.399
0.314
0.190
0.151
0.102
0.079
0.075
0.089
0.185
0.519
0.992
0.895
0.554
0.341
0.276
0.276
0.280
0.246
0.279
0.444
0.936
0.804
0.729
0.506
0.399
0.314
0.190
0.151
0.102
0.079
0.075
0.089
0.185
0.519
0.992
0.895
0.554
0.341
0.276
0.276
0.280
0.246
0.279
0.444
0.936
0.804
0.729
0.506
0.399
0.314
0.190
0.151
0.102
0.079
0.075
0.089
0.185
0.519
0.992
0.895
0.554
0.341
0.276
0.276
0.280
0.246
0.279
0.444
0.936
0.804
0.729
0.506
0.399
0.314
0.190
0.151
0.102
0.079
0.075
0.089
0.185
0.519
0.992
0.895
0.554
0.341
0.276
0.276
0.280
0.246
0.279
0.444
0.936
0.804
0.729
0.506
0.399
0.314
0.190
0.151
0.102
0.076
0.071
0.078
0.147
0.428
0.937
0.809
0.604
0.397
0.317
0.304
0.290
0.242
0.277
0.386
0.939
0.789
0.747
0.517
0.408
0.271
0.163
0.147
0.094
0.076
0.071
0.078
0.147
0.428
0.937
0.809
0.604
0.397
0.317
0.304
0.290
0.242
0.277
0.386
0.939
0.789
0.747
0.517
0.408
0.271
0.163
0.147
0.094
0.076
0.071
0.078
0.147
0.428
0.937
0.809
0.604
0.397
0.317
0.304
0.290
0.242
0.277
0.386
0.939
0.789
0.747
0.517
0.408
0.271
0.163
0.147
0.094
0.076
0.071
0.078
0.147
0.428
0.937
0.809
0.604
0.397
0.317
0.304
0.290
0.242
0.277
0.386
0.939
0.789
0.747
0.517
0.408
0.271
0.163
0.147
0.094
0.076
0.071
0.078
0.147
0.428
0.937
0.809
0.604
0.397
0.317
0.304
0.290
0.242
0.277
0.386
0.939
0.789
0.747
0.517
0.408
0.271
0.163
0.147
0.094
0.076
0.071
0.078
0.147
0.428
0.937
0.809
0.604
0.397
0.317
0.304
0.290
0.242
0.277
0.386
0.939
0.789
0.747
0.517
0.408
0.271
0.163
0.147
0.094
0.076
0.071
0.078
0.147
0.428
0.937
0.809
0.604
0.397
0.317
0.304
0.290
0.242
0.277
0.386
0.939
0.789
0.747
0.517
0.408
0.271
0.163
0.147
0.094
0.076
0.071
0.078
0.147
0.428
0.937
0.809
0.604
0.397
0.317
0.304
0.290
0.242
0.277
0.386
0.939
0.789
0.747
0.517
0.408
0.271
0.163
0.147
0.094
0.076
0.071
0.078
0.147
0.428
0.937
0.809
0.604
0.397
0.317
0.304
0.290
0.242
0.277
0.386
0.939
0.789
0.747
0.517
0.408
0.271
0.163
0.147
0.094
0.076
0.071
0.078
0.147
0.428
0.937
0.809
0.604
0.397
0.317
0.304
0.290
0.242
0.277
0.386
0.939
0.789
0.747
0.517
0.408
0.271
0.163
0.147
0.094
0.076
0.071
0.078
0.147
0.428
0.937
0.809
0.604
0.397
0.317
0.304
0.290
0.242
0.277
0.386
0.939
0.789
0.747
0.517
0.408
0.271
0.163
0.147
0.094
0.076
0.071
0.078
0.147
0.428
0.937
0.809
0.604
0.397
0.317
0.304
0.290
0.242
0.277
0.386
0.939
0.789
0.747
0.517
0.408
0.271
0.163
0.147
0.094
0.076
0.071
0.078
0.147
0.428
0.937
0.809
0.604
0.397
0.317
0.304
0.290
0.242
0.277
0.386
0.939
0.789
0.747
0.517
0.408
0.271
0.163
0.147
0.094
0.076
0.071
0.078
0.147
0.428
0.937
0.809
0.604
0.397
0.317
0.304
0.290
0.242
0.277
0.386
0.939
0.789
0.747
0.517
0.408
0.271
0.163
0.147
0.094
0.076
0.071
0.078
0.147
0.428
0.937
0.809
0.604
0.397
0.317
0.304
0.290
0.242
0.277
0.386
0.939
0.789
0.747
0.517
0.408
0.271
0.163
0.147
0.094
0.076
0.071
0.078
0.147
0.428
0.937
0.809
0.604
0.397
0.317
0.304
0.290
0.242
0.277
0.386
0.939
0.789
0.747
0.517
0.408
0.271
0.163
0.147
0.094
0.076
0.071
0.078
0.147
0.428
0.937
0.809
0.604
0.397
0.317
0.304
0.290
0.242
0.277
0.386
0.939
0.789
0.747
0.517
0.408
0.271
0.163
0.147
0.094
0.076
0.071
0.078
0.147
0.428
0.937
0.809
0.604
0.397
0.317
0.304
0.290
0.242
0.277
0.386
0.939
0.789
0.747
0.517
0.408
0.271
0.163
0.147
0.094
0.076
0.071
0.078
0.147
0.428
0.937
0.809
0.604
0.397
0.317
0.304
0.290
0.242
0.277
0.386
0.939
0.789
0.747
0.517
0.408
0.271
0.163
0.147
0.094
0.076
0.071
0.078
0.147
0.428
0.937
0.809
0.604
0.397
0.317
0.304
0.290
0.242
0.277
0.386
0.939
0.789
0.747
0.517
0.408
0.271
0.163
0.147
0.094
0.076
0.071
0.078
0.147
0.428
0.937
0.809
0.604
0.397
0.317
0.304
0.290
0.242
0.277
0.386
0.939
0.789
0.747
0.517
0.408
0.271
0.163
0.147
0.094
0.076
0.071
0.078
0.147
0.428
0.937
0.809
0.604
0.397
0.317
0.304
0.290
0.242
0.277
0.386
0.939
0.789
0.747
0.517
0.408
0.271
0.163
0.147
0.094
0.076
0.071
0.078
0.147
0.428
0.937
0.809
0.604
0.397
0.317
0.304
0.290
0.242
0.277
0.386
0.939
0.789
0.747
0.517
0.408
0.271
0.163
0.147
0.094
0.076
0.071
0.078
0.147
0.428
0.937
0.809
0.604
0.397
0.317
0.304
0.290
0.242
0.277
0.386
0.939
0.789
0.747
0.517
0.408
0.271
0.163
0.147
0.094
0.076
0.071
0.078
0.147
0.428
0.937
0.809
0.604
0.397
0.317
0.304
0.290
0.242
0.277
0.386
0.939
0.789
0.747
0.517
0.408
0.271
0.163
0.147
0.094
0.076
0.071
0.078
0.147
0.428
0.937
0.809
0.604
0.397
0.317
0.304
0.290
0.242
0.277
0.386
0.939
0.789
0.747
0.517
0.408
0.271
0.163
0.147
0.094
0.076
0.071
0.078
0.147
0.428
0.937
0.809
0.604
0.397
0.317
0.304
0.290
0.242
0.277
0.386
0.939
0.789
0.747
0.517
0.408
0.271
0.163
0.147
0.094
0.076
0.071
0.078
0.147
0.428
0.937
0.809
0.604
0.397
0.317
0.304
0.290
0.242
0.277
0.386
0.939
0.789
0.747
0.517
0.408
0.271
0.163
0.147
0.094
0.076
0.071
0.078
0.147
0.428
0.937
0.809
0.604
0.397
0.317
0.304
0.290
0.242
0.277
0.386
0.939
0.789
0.747
0.517
0.408
0.271
0.163
0.147
0.094
0.076
0.071
0.078
0.147
0.428
0.937
0.809
0.604
0.397
0.317
0.304
0.290
0.242
0.277
0.386
0.939
0.789
0.747
0.517
0.408
0.271
0.163
0.147
0.094
0.076
0.071
0.078
0.147
0.428
0.937
0.809
0.604
0.397
0.317
0.304
0.290
0.242
0.277
0.386
0.939
0.789
0.747
0.517
0.408
0.271
0.163
0.147
0.094
0.105
0.104
0.137
0.222
0.660
1.584
1.261
0.824
0.486
0.358
0.341
0.360
0.356
0.365
0.555
1.287
1.176
1.250
0.969
0.708
0.509
0.294
0.190
0.118
0.105
0.104
0.137
0.222
0.660
1.584
1.261
0.824
0.486
0.358
0.341
0.360
0.356
0.365
0.555
1.287
1.176
1.250
0.969
0.708
0.509
0.294
0.190
0.118
0.105
0.104
0.137
0.222
0.660
1.584
1.261
0.824
0.486
0.358
0.341
0.360
0.356
0.365
0.555
1.287
1.176
1.250
0.969
0.708
0.509
0.294
0.190
0.118
0.105
0.104
0.137
0.222
0.660
1.584
1.261
0.824
0.486
0.358
0.341
0.360
0.356
0.365
0.555
1.287
1.176
1.250
0.969
0.708
0.509
0.294
0.190
0.118
0.105
0.104
0.137
0.222
0.660
1.584
1.261
0.824
0.486
0.358
0.341
0.360
0.356
0.365
0.555
1.287
1.176
1.250
0.969
0.708
0.509
0.294
0.190
0.118
0.105
0.104
0.137
0.222
0.660
1.584
1.261
0.824
0.486
0.358
0.341
0.360
0.356
0.365
0.555
1.287
1.176
1.250
0.969
0.708
0.509
0.294
0.190
0.118
0.105
0.104
0.137
0.222
0.660
1.584
1.261
0.824
0.486
0.358
0.341
0.360
0.356
0.365
0.555
1.287
1.176
1.250
0.969
0.708
0.509
0.294
0.190
0.118
0.105
0.104
0.137
0.222
0.660
1.584
1.261
0.824
0.486
0.358
0.341
0.360
0.356
0.365
0.555
1.287
1.176
1.250
0.969
0.708
0.509
0.294
0.190
0.118
0.105
0.104
0.137
0.222
0.660
1.584
1.261
0.824
0.486
0.358
0.341
0.360
0.356
0.365
0.555
1.287
1.176
1.250
0.969
0.708
0.509
0.294
0.190
0.118
0.105
0.104
0.137
0.222
0.660
1.584
1.261
0.824
0.486
0.358
0.341
0.360
0.356
0.365
0.555
1.287
1.176
1.250
0.969
0.708
0.509
0.294
0.190
0.118
0.105
0.104
0.137
0.222
0.660
1.584
1.261
0.824
0.486
0.358
0.341
0.360
0.356
0.365
0.555
1.287
1.176
1.250
0.969
0.708
0.509
0.294
0.190
0.118
0.105
0.104
0.137
0.222
0.660
1.584
1.261
0.824
0.486
0.358
0.341
0.360
0.356
0.365
0.555
1.287
1.176
1.250
0.969
0.708
0.509
0.294
0.190
0.118
0.105
0.104
0.137
0.222
0.660
1.584
1.261
0.824
0.486
0.358
0.341
0.360
0.356
0.365
0.555
1.287
1.176
1.250
0.969
0.708
0.509
0.294
0.190
0.118
0.105
0.104
0.137
0.222
0.660
1.584
1.261
0.824
0.486
0.358
0.341
0.360
0.356
0.365
0.555
1.287
1.176
1.250
0.969
0.708
0.509
0.294
0.190
0.118
0.105
0.104
0.137
0.222
0.660
1.584
1.261
0.824
0.486
0.358
0.341
0.360
0.356
0.365
0.555
1.287
1.176
1.250
0.969
0.708
0.509
0.294
0.190
0.118
0.105
0.104
0.137
0.222
0.660
1.584
1.261
0.824
0.486
0.358
0.341
0.360
0.356
0.365
0.555
1.287
1.176
1.250
0.969
0.708
0.509
0.294
0.190
0.118
0.105
0.104
0.137
0.222
0.660
1.584
1.261
0.824
0.486
0.358
0.341
0.360
0.356
0.365
0.555
1.287
1.176
1.250
0.969
0.708
0.509
0.294
0.190
0.118
0.105
0.104
0.137
0.222
0.660
1.584
1.261
0.824
0.486
0.358
0.341
0.360
0.356
0.365
0.555
1.287
1.176
1.250
0.969
0.708
0.509
0.294
0.190
0.118
0.105
0.104
0.137
0.222
0.660
1.584
1.261
0.824
0.486
0.358
0.341
0.360
0.356
0.365
0.555
1.287
1.176
1.250
0.969
0.708
0.509
0.294
0.190
0.118
0.105
0.104
0.137
0.222
0.660
1.584
1.261
0.824
0.486
0.358
0.341
0.360
0.356
0.365
0.555
1.287
1.176
1.250
0.969
0.708
0.509
0.294
0.190
0.118
0.105
0.104
0.137
0.222
0.660
1.584
1.261
0.824
0.486
0.358
0.341
0.360
0.356
0.365
0.555
1.287
1.176
1.250
0.969
0.708
0.509
0.294
0.190
0.118
0.105
0.104
0.137
0.222
0.660
1.584
1.261
0.824
0.486
0.358
0.341
0.360
0.356
0.365
0.555
1.287
1.176
1.250
0.969
0.708
0.509
0.294
0.190
0.118
0.105
0.104
0.137
0.222
0.660
1.584
1.261
0.824
0.486
0.358
0.341
0.360
0.356
0.365
0.555
1.287
1.176
1.250
0.969
0.708
0.509
0.294
0.190
0.118
0.105
0.104
0.137
0.222
0.660
1.584
1.261
0.824
0.486
0.358
0.341
0.360
0.356
0.365
0.555
1.287
1.176
1.250
0.969
0.708
0.509
0.294
0.190
0.118
0.105
0.104
0.137
0.222
0.660
1.584
1.261
0.824
0.486
0.358
0.341
0.360
0.356
0.365
0.555
1.287
1.176
1.250
0.969
0.708
0.509
0.294
0.190
0.118
0.105
0.104
0.137
0.222
0.660
1.584
1.261
0.824
0.486
0.358
0.341
0.360
0.356
0.365
0.555
1.287
1.176
1.250
0.969
0.708
0.509
0.294
0.190
0.118
0.105
0.104
0.137
0.222
0.660
1.584
1.261
0.824
0.486
0.358
0.341
0.360
0.356
0.365
0.555
1.287
1.176
1.250
0.969
0.708
0.509
0.294
0.190
0.118
0.105
0.104
0.137
0.222
0.660
1.584
1.261
0.824
0.486
0.358
0.341
0.360
0.356
0.365
0.555
1.287
1.176
1.250
0.969
0.708
0.509
0.294
0.190
0.118
0.105
0.104
0.137
0.222
0.660
1.584
1.261
0.824
0.486
0.358
0.341
0.360
0.356
0.365
0.555
1.287
1.176
1.250
0.969
0.708
0.509
0.294
0.190
0.118
0.105
0.104
0.137
0.222
0.660
1.584
1.261
0.824
0.486
0.358
0.341
0.360
0.356
0.365
0.555
1.287
1.176
1.250
0.969
0.708
0.509
0.294
0.190
0.118
0.195
0.186
0.230
0.392
1.217
2.744
2.601
1.800
1.182
0.786
0.671
0.741
0.761
0.856
1.113
2.301
2.644
2.617
2.170
1.778
1.320
0.817
0.400
0.233
0.195
0.186
0.230
0.392
1.217
2.744
2.601
1.800
1.182
0.786
0.671
0.741
0.761
0.856
1.113
2.301
2.644
2.617
2.170
1.778
1.320
0.817
0.400
0.233
0.195
0.186
0.230
0.392
1.217
2.744
2.601
1.800
1.182
0.786
0.671
0.741
0.761
0.856
1.113
2.301
2.644
2.617
2.170
1.778
1.320
0.817
0.400
0.233
0.195
0.186
0.230
0.392
1.217
2.744
2.601
1.800
1.182
0.786
0.671
0.741
0.761
0.856
1.113
2.301
2.644
2.617
2.170
1.778
1.320
0.817
0.400
0.233
0.195
0.186
0.230
0.392
1.217
2.744
2.601
1.800
1.182
0.786
0.671
0.741
0.761
0.856
1.113
2.301
2.644
2.617
2.170
1.778
1.320
0.817
0.400
0.233
0.195
0.186
0.230
0.392
1.217
2.744
2.601
1.800
1.182
0.786
0.671
0.741
0.761
0.856
1.113
2.301
2.644
2.617
2.170
1.778
1.320
0.817
0.400
0.233
0.195
0.186
0.230
0.392
1.217
2.744
2.601
1.800
1.182
0.786
0.671
0.741
0.761
0.856
1.113
2.301
2.644
2.617
2.170
1.778
1.320
0.817
0.400
0.233
0.195
0.186
0.230
0.392
1.217
2.744
2.601
1.800
1.182
0.786
0.671
0.741
0.761
0.856
1.113
2.301
2.644
2.617
2.170
1.778
1.320
0.817
0.400
0.233
0.195
0.186
0.230
0.392
1.217
2.744
2.601
1.800
1.182
0.786
0.671
0.741
0.761
0.856
1.113
2.301
2.644
2.617
2.170
1.778
1.320
0.817
0.400
0.233
0.195
0.186
0.230
0.392
1.217
2.744
2.601
1.800
1.182
0.786
0.671
0.741
0.761
0.856
1.113
2.301
2.644
2.617
2.170
1.778
1.320
0.817
0.400
0.233
0.195
0.186
0.230
0.392
1.217
2.744
2.601
1.800
1.182
0.786
0.671
0.741
0.761
0.856
1.113
2.301
2.644
2.617
2.170
1.778
1.320
0.817
0.400
0.233
0.195
0.186
0.230
0.392
1.217
2.744
2.601
1.800
1.182
0.786
0.671
0.741
0.761
0.856
1.113
2.301
2.644
2.617
2.170
1.778
1.320
0.817
0.400
0.233
0.195
0.186
0.230
0.392
1.217
2.744
2.601
1.800
1.182
0.786
0.671
0.741
0.761
0.856
1.113
2.301
2.644
2.617
2.170
1.778
1.320
0.817
0.400
0.233
0.195
0.186
0.230
0.392
1.217
2.744
2.601
1.800
1.182
0.786
0.671
0.741
0.761
0.856
1.113
2.301
2.644
2.617
2.170
1.778
1.320
0.817
0.400
0.233
0.195
0.186
0.230
0.392
1.217
2.744
2.601
1.800
1.182
0.786
0.671
0.741
0.761
0.856
1.113
2.301
2.644
2.617
2.170
1.778
1.320
0.817
0.400
0.233
0.195
0.186
0.230
0.392
1.217
2.744
2.601
1.800
1.182
0.786
0.671
0.741
0.761
0.856
1.113
2.301
2.644
2.617
2.170
1.778
1.320
0.817
0.400
0.233
0.195
0.186
0.230
0.392
1.217
2.744
2.601
1.800
1.182
0.786
0.671
0.741
0.761
0.856
1.113
2.301
2.644
2.617
2.170
1.778
1.320
0.817
0.400
0.233
0.195
0.186
0.230
0.392
1.217
2.744
2.601
1.800
1.182
0.786
0.671
0.741
0.761
0.856
1.113
2.301
2.644
2.617
2.170
1.778
1.320
0.817
0.400
0.233
0.195
0.186
0.230
0.392
1.217
2.744
2.601
1.800
1.182
0.786
0.671
0.741
0.761
0.856
1.113
2.301
2.644
2.617
2.170
1.778
1.320
0.817
0.400
0.233
0.195
0.186
0.230
0.392
1.217
2.744
2.601
1.800
1.182
0.786
0.671
0.741
0.761
0.856
1.113
2.301
2.644
2.617
2.170
1.778
1.320
0.817
0.400
0.233
0.195
0.186
0.230
0.392
1.217
2.744
2.601
1.800
1.182
0.786
0.671
0.741
0.761
0.856
1.113
2.301
2.644
2.617
2.170
1.778
1.320
0.817
0.400
0.233
0.195
0.186
0.230
0.392
1.217
2.744
2.601
1.800
1.182
0.786
0.671
0.741
0.761
0.856
1.113
2.301
2.644
2.617
2.170
1.778
1.320
0.817
0.400
0.233
0.195
0.186
0.230
0.392
1.217
2.744
2.601
1.800
1.182
0.786
0.671
0.741
0.761
0.856
1.113
2.301
2.644
2.617
2.170
1.778
1.320
0.817
0.400
0.233
0.195
0.186
0.230
0.392
1.217
2.744
2.601
1.800
1.182
0.786
0.671
0.741
0.761
0.856
1.113
2.301
2.644
2.617
2.170
1.778
1.320
0.817
0.400
0.233
0.195
0.186
0.230
0.392
1.217
2.744
2.601
1.800
1.182
0.786
0.671
0.741
0.761
0.856
1.113
2.301
2.644
2.617
2.170
1.778
1.320
0.817
0.400
0.400
0.233
0.195
0.186
0.230
0.392
1.217
2.744
2.601
1.800
1.182
0.786
0.671
0.741
0.761
0.856
1.113
2.301
2.644
2.617
2.170
1.778
1.320
0.817
0.400
0.233
0.195
0.186
0.230
0.392
1.217
2.744
2.601
1.800
1.182
0.786
0.671
0.741
0.761
0.856
1.113
2.301
2.644
2.617
2.170
1.778
1.320
0.817
0.400
0.233
0.195
0.186
0.230
0.392
1.217
2.744
2.601
1.800
1.182
0.786
0.671
0.741
0.761
0.856
1.113
2.301
2.644
2.617
2.170
1.778
1.320
0.817
0.400
0.233
0.195
0.186
0.230
0.392
1.217
2.744
2.601
1.800
1.182
0.786
0.671
0.741
0.761
0.856
1.113
2.301
2.644
2.617
2.170
1.778
1.320
0.817
0.400
0.233
0.195
0.186
0.230
0.392
1.217
2.744
2.601
1.800
1.182
0.786
0.671
0.741
0.761
0.856
1.113
2.301
2.644
2.617
2.170
1.778
1.320
0.817
0.400
0.233
0.195
0.186
0.230
0.392
1.217
2.744
2.601
1.800
1.182
0.786
0.671
0.741
0.761
0.856
1.113
2.301
2.644
2.617
2.170
1.778
1.320
0.817
0.400
0.529
0.348
0.320
0.315
0.371
0.641
2.134
4.558
3.668
2.472
1.686
1.333
1.287
1.486
1.504
1.812
2.811
4.313
4.126
3.745
3.355
2.792
2.075
0.972
0.529
0.348
0.320
0.315
0.371
0.641
2.134
4.558
3.668
2.472
1.686
1.333
1.287
1.486
1.504
1.812
2.811
4.313
4.126
3.745
3.355
2.792
2.075
0.972
0.529
0.348
0.320
0.315
0.371
0.641
2.134
4.558
3.668
2.472
1.686
1.333
1.287
1.486
1.504
1.812
2.811
4.313
4.126
3.745
3.355
2.792
2.075
0.972
0.529
0.348
0.320
0.315
0.371
0.641
2.134
4.558
3.668
2.472
1.686
1.333
1.287
1.486
1.504
1.812
2.811
4.313
4.126
3.745
3.355
2.792
2.075
0.972
0.529
0.348
0.320
0.315
0.371
0.641
2.134
4.558
3.668
2.472
1.686
1.333
1.287
1.486
1.504
1.812
2.811
4.313
4.126
3.745
3.355
2.792
2.075
0.972
0.529
0.348
0.320
0.315
0.371
0.641
2.134
4.558
3.668
2.472
1.686
1.333
1.287
1.486
1.504
1.812
2.811
4.313
4.126
3.745
3.355
2.792
2.075
0.972
0.529
0.348
0.320
0.315
0.371
0.641
2.134
4.558
3.668
2.472
1.686
1.333
1.287
1.486
1.504
1.812
2.811
4.313
4.126
3.745
3.355
2.792
2.075
0.972
0.529
0.348
0.320
0.315
0.371
0.641
2.134
4.558
3.668
2.472
1.686
1.333
1.287
1.486
1.504
1.812
2.811
4.313
4.126
3.745
3.355
2.792
2.075
0.972
0.529
0.348
0.320
0.315
0.371
0.641
2.134
4.558
3.668
2.472
1.686
1.333
1.287
1.486
1.504
1.812
2.811
4.313
4.126
3.745
3.355
2.792
2.075
0.972
0.529
0.348
0.320
0.315
0.371
0.641
2.134
4.558
3.668
2.472
1.686
1.333
1.287
1.486
1.504
1.812
2.811
4.313
4.126
3.745
3.355
2.792
2.075
0.972
0.529
0.348
0.320
0.315
0.371
0.641
2.134
4.558
3.668
2.472
1.686
1.333
1.287
1.486
1.504
1.812
2.811
4.313
4.126
3.745
3.355
2.792
2.075
0.972
0.529
0.348
0.320
0.315
0.371
0.641
2.134
4.558
3.668
2.472
1.686
1.333
1.287
1.486
1.504
1.812
2.811
4.313
4.126
3.745
3.355
2.792
2.075
0.972
0.529
0.348
0.320
0.315
0.371
0.641
2.134
4.558
3.668
2.472
1.686
1.333
1.287
1.486
1.504
1.812
2.811
4.313
4.126
3.745
3.355
2.792
2.075
0.972
0.529
0.348
0.320
0.315
0.371
0.641
2.134
4.558
3.668
2.472
1.686
1.333
1.287
1.486
1.504
1.812
2.811
4.313
4.126
3.745
3.355
2.792
2.075
0.972
0.529
0.348
0.320
0.315
0.371
0.641
2.134
4.558
3.668
2.472
1.686
1.333
1.287
1.486
1.504
1.812
2.811
4.313
4.126
3.745
3.355
2.792
2.075
0.972
0.529
0.348
0.320
0.315
0.371
0.641
2.134
4.558
3.668
2.472
1.686
1.333
1.287
1.486
1.504
1.812
2.811
4.313
4.126
3.745
3.355
2.792
2.075
0.972
0.529
0.348
0.320
0.315
0.371
0.641
2.134
4.558
3.668
2.472
1.686
1.333
1.287
1.486
1.504
1.812
2.811
4.313
4.126
3.745
3.355
2.792
2.075
0.972
0.529
0.348
0.320
0.315
0.371
0.641
2.134
4.558
3.668
2.472
1.686
1.333
1.287
1.486
1.504
1.812
2.811
4.313
4.126
3.745
3.355
2.792
2.075
0.972
0.529
0.348
0.320
0.315
0.371
0.641
2.134
4.558
3.668
2.472
1.686
1.333
1.287
1.486
1.504
1.812
2.811
4.313
4.126
3.745
3.355
2.792
2.075
0.972
0.529
0.348
0.320
0.315
0.371
0.641
2.134
4.558
3.668
2.472
1.686
1.333
1.287
1.486
1.504
1.812
2.811
4.313
4.126
3.745
3.355
2.792
2.075
0.972
0.529
0.348
0.320
0.315
0.371
0.641
2.134
4.558
3.668
2.472
1.686
1.333
1.287
1.486
1.504
1.812
2.811
4.313
4.126
3.745
3.355
2.792
2.075
0.972
0.529
0.348
0.320
0.315
0.371
0.641
2.134
4.558
3.668
2.472
1.686
1.333
1.287
1.486
1.504
1.812
2.811
4.313
4.126
3.745
3.355
2.792
2.075
0.972
0.529
0.348
0.320
0.315
0.371
0.641
2.134
4.558
3.668
2.472
1.686
1.333
1.287
1.486
1.504
1.812
2.811
4.313
4.126
3.745
3.355
2.792
2.075
0.972
0.529
0.348
0.320
0.315
0.371
0.641
2.134
4.558
3.668
2.472
1.686
1.333
1.287
1.486
1.504
1.812
2.811
4.313
4.126
3.745
3.355
2.792
2.075
0.972
0.529
0.348
0.320
0.315
0.371
0.641
2.134
4.558
3.668
2.472
1.686
1.333
1.287
1.486
1.504
1.812
2.811
4.313
4.126
3.745
3.355
2.792
2.075
0.972
0.529
0.348
0.320
0.315
0.371
0.641
2.134
4.558
3.668
2.472
1.686
1.333
1.287
1.486
1.504
1.812
2.811
4.313
4.126
3.745
3.355
2.792
2.075
0.972
0.529
0.348
0.320
0.315
0.371
0.641
2.134
4.558
3.668
2.472
1.686
1.333
1.287
1.486
1.504
1.812
2.811
4.313
4.126
3.745
3.355
2.792
2.075
0.972
0.529
0.348
0.320
0.315
0.371
0.641
2.134
4.558
3.668
2.472
1.686
1.333
1.287
1.486
1.504
1.812
2.811
4.313
4.126
3.745
3.355
2.792
2.075
0.972
0.529
0.348
0.320
0.315
0.371
0.641
2.134
4.558
3.668
2.472
1.686
1.333
1.287
1.486
1.504
1.812
2.811
4.313
4.126
3.745
3.355
2.792
2.075
0.972
0.529
0.348
0.320
0.315
0.371
0.641
2.134
4.558
3.668
2.472
1.686
1.333
1.287
1.486
1.504
1.812
2.811
4.313
4.126
3.745
3.355
2.792
2.075
0.972
1.032
0.724
0.673
0.639
0.687
1.063
2.704
5.667
5.214
4.124
3.121
2.706
2.621
2.663
2.792
3.152
4.204
5.403
5.180
4.962
4.592
4.053
3.006
1.643
1.032
0.724
0.673
0.639
0.687
1.063
2.704
5.667
5.214
4.124
3.121
2.706
2.621
2.663
2.792
3.152
4.204
5.403
5.180
4.962
4.592
4.053
3.006
1.643
1.032
0.724
0.673
0.639
0.687
1.063
2.704
5.667
5.214
4.124
3.121
2.706
2.621
2.663
2.792
3.152
4.204
5.403
5.180
4.962
4.592
4.053
3.006
1.643
1.032
0.724
0.673
0.639
0.687
1.063
2.704
5.667
5.214
4.124
3.121
2.706
2.621
2.663
2.792
3.152
4.204
5.403
5.180
4.962
4.592
4.053
3.006
1.643
1.032
0.724
0.673
0.639
0.687
1.063
2.704
5.667
5.214
4.124
3.121
2.706
2.621
2.663
2.792
3.152
4.204
5.403
5.180
4.962
4.592
4.053
3.006
1.643
1.032
0.724
0.673
0.639
0.687
1.063
2.704
5.667
5.214
4.124
3.121
2.706
2.621
2.663
2.792
3.152
4.204
5.403
5.180
4.962
4.592
4.053
3.006
1.643
1.032
0.724
0.673
0.639
0.687
1.063
2.704
5.667
5.214
4.124
3.121
2.706
2.621
2.663
2.792
3.152
4.204
5.403
5.180
4.962
4.592
4.053
3.006
1.643
1.032
0.724
0.673
0.639
0.687
1.063
2.704
5.667
5.214
4.124
3.121
2.706
2.621
2.663
2.792
3.152
4.204
5.403
5.180
4.962
4.592
4.053
3.006
1.643
1.032
0.724
0.673
0.639
0.687
1.063
2.704
5.667
5.214
4.124
3.121
2.706
2.621
2.663
2.792
3.152
4.204
5.403
5.180
4.962
4.592
4.053
3.006
1.643
1.032
0.724
0.673
0.639
0.687
1.063
2.704
5.667
5.214
4.124
3.121
2.706
2.621
2.663
2.792
3.152
4.204
5.403
5.180
4.962
4.592
4.053
3.006
1.643
1.032
0.724
0.673
0.639
0.687
1.063
2.704
5.667
5.214
4.124
3.121
2.706
2.621
2.663
2.792
3.152
4.204
5.403
5.180
4.962
4.592
4.053
3.006
1.643
1.032
0.724
0.673
0.639
0.687
1.063
2.704
5.667
5.214
4.124
3.121
2.706
2.621
2.663
2.792
3.152
4.204
5.403
5.180
4.962
4.592
4.053
3.006
1.643
1.032
0.724
0.673
0.639
0.687
1.063
2.704
5.667
5.214
4.124
3.121
2.706
2.621
2.663
2.792
3.152
4.204
5.403
5.180
4.962
4.592
4.053
3.006
1.643
1.032
0.724
0.673
0.639
0.687
1.063
2.704
5.667
5.214
4.124
3.121
2.706
2.621
2.663
2.792
3.152
4.204
5.403
5.180
4.962
4.592
4.053
3.006
1.643
1.032
0.724
0.673
0.639
0.687
1.063
2.704
5.667
5.214
4.124
3.121
2.706
2.621
2.663
2.792
3.152
4.204
5.403
5.180
4.962
4.592
4.053
3.006
1.643
1.032
0.724
0.673
0.639
0.687
1.063
2.704
5.667
5.214
4.124
3.121
2.706
2.621
2.663
2.792
3.152
4.204
5.403
5.180
4.962
4.592
4.053
3.006
1.643
1.032
0.724
0.673
0.639
0.687
1.063
2.704
5.667
5.214
4.124
3.121
2.706
2.621
2.663
2.792
3.152
4.204
5.403
5.180
4.962
4.592
4.053
3.006
1.643
1.032
0.724
0.673
0.639
0.687
1.063
2.704
5.667
5.214
4.124
3.121
2.706
2.621
2.663
2.792
3.152
4.204
5.403
5.180
4.962
4.592
4.053
3.006
1.643
1.032
0.724
0.673
0.639
0.687
1.063
2.704
5.667
5.214
4.124
3.121
2.706
2.621
2.663
2.792
3.152
4.204
5.403
5.180
4.962
4.592
4.053
3.006
1.643
1.032
0.724
0.673
0.639
0.687
1.063
2.704
5.667
5.214
4.124
3.121
2.706
2.621
2.663
2.792
3.152
4.204
5.403
5.180
4.962
4.592
4.053
3.006
1.643
1.032
0.724
0.673
0.639
0.687
1.063
2.704
5.667
5.214
4.124
3.121
2.706
2.621
2.663
2.792
3.152
4.204
5.403
5.180
4.962
4.592
4.053
3.006
1.643
1.032
0.724
0.673
0.639
0.687
1.063
2.704
5.667
5.214
4.124
3.121
2.706
2.621
2.663
2.792
3.152
4.204
5.403
5.180
4.962
4.592
4.053
3.006
1.643
1.032
0.724
0.673
0.639
0.687
1.063
2.704
5.667
5.214
4.124
3.121
2.706
2.621
2.663
2.792
3.152
4.204
5.403
5.180
4.962
4.592
4.053
3.006
1.643
1.032
0.724
0.673
0.639
0.687
1.063
2.704
5.667
5.214
4.124
3.121
2.706
2.621
2.663
2.792
3.152
4.204
5.403
5.180
4.962
4.592
4.053
3.006
1.643
1.032
0.724
0.673
0.639
0.687
1.063
2.704
5.667
5.214
4.124
3.121
2.706
2.621
2.663
2.792
3.152
4.204
5.403
5.180
4.962
4.592
4.053
3.006
1.643
1.032
0.724
0.673
0.639
0.687
1.063
2.704
5.667
5.214
4.124
3.121
2.706
2.621
2.663
2.792
3.152
4.204
5.403
5.180
4.962
4.592
4.053
3.006
1.643
1.032
0.724
0.673
0.639
0.687
1.063
2.704
5.667
5.214
4.124
3.121
2.706
2.621
2.663
2.792
3.152
4.204
5.403
5.180
4.962
4.592
4.053
3.006
1.643
1.032
0.724
0.673
0.639
0.687
1.063
2.704
5.667
5.214
4.124
3.121
2.706
2.621
2.663
2.792
3.152
4.204
5.403
5.180
4.962
4.592
4.053
3.006
1.643
1.032
0.724
0.673
0.639
0.687
1.063
2.704
5.667
5.214
4.124
3.121
2.706
2.621
2.663
2.792
3.152
4.204
5.403
5.180
4.962
4.592
4.053
3.006
1.643
1.032
0.724
0.673
0.639
0.687
1.063
2.704
5.667
5.214
4.124
3.121
2.706
2.621
2.663
2.792
3.152
4.204
5.403
5.180
4.962
4.592
4.053
3.006
1.643
1.032
0.724
0.673
0.639
0.687
1.063
2.704
5.667
5.214
4.124
3.121
2.706
2.621
2.663
2.792
3.152
4.204
5.403
5.180
4.962
4.592
4.053
3.006
1.643
