3.684
3.783
3.748
3.699
3.630
3.752
4.193
5.126
6.480
8.105
8.852
8.983
8.885
8.624
8.265
7.955
7.615
7.196
6.425
5.969
5.606
4.945
4.177
3.848
3.684
3.783
3.748
3.699
3.630
3.752
4.193
5.126
6.480
8.105
8.852
8.983
8.885
8.624
8.265
7.955
7.615
7.196
6.425
5.969
5.606
4.945
4.177
3.848
3.684
3.642
3.530
3.479
3.416
3.416
3.661
4.165
4.584
5.293
5.864
6.047
6.029
5.946
5.725
5.545
5.513
5.550
5.278
4.952
4.652
4.225
3.841
3.733
3.464
3.557
3.458
3.401
3.311
3.295
3.508
3.900
4.074
4.361
4.835
5.091
5.295
5.345
5.210
5.120
4.970
4.816
4.589
4.359
4.156
3.850
3.486
3.526
3.684
3.783
3.748
3.699
3.630
3.752
4.193
5.126
6.480
8.105
8.852
8.983
8.885
8.624
8.265
7.955
7.615
7.196
6.425
5.969
5.606
4.945
4.177
3.848
3.684
3.783
3.748
3.699
3.630
3.752
4.193
5.126
6.480
8.105
8.852
8.983
8.885
8.624
8.265
7.955
7.615
7.196
6.425
5.969
5.606
4.945
4.177
3.848
3.684
3.783
3.748
3.699
3.630
3.752
4.193
5.126
6.480
8.105
8.852
8.983
8.885
8.624
8.265
7.955
7.615
7.196
6.425
5.969
5.606
4.945
4.177
3.848
3.684
3.783
3.748
3.699
3.630
3.752
4.193
5.126
6.480
8.105
8.852
8.983
8.885
8.624
8.265
7.955
7.615
7.196
6.425
5.969
5.606
4.945
4.177
3.848
3.684
3.783
3.748
3.699
3.630
3.752
4.193
5.126
6.480
8.105
8.852
8.983
8.885
8.624
8.265
7.955
7.615
7.196
6.425
5.969
5.606
4.945
4.177
3.848
3.684
3.642
3.530
3.479
3.416
3.416
3.661
4.165
4.584
5.293
5.864
6.047
6.029
5.946
5.725
5.545
5.513
5.550
5.278
4.952
4.652
4.225
3.841
3.733
3.464
3.557
3.458
3.401
3.311
3.295
3.508
3.900
4.074
4.361
4.835
5.091
5.295
5.345
5.210
5.120
4.970
4.816
4.589
4.359
4.156
3.850
3.486
3.526
3.684
3.783
3.748
3.699
3.630
3.752
4.193
5.126
6.480
8.105
8.852
8.983
8.885
8.624
8.265
7.955
7.615
7.196
6.425
5.969
5.606
4.945
4.177
3.848
3.684
3.783
3.748
3.699
3.630
3.752
4.193
5.126
6.480
8.105
8.852
8.983
8.885
8.624
8.265
7.955
7.615
7.196
6.425
5.969
5.606
4.945
4.177
3.848
3.684
3.783
3.748
3.699
3.630
3.752
4.193
5.126
6.480
8.105
8.852
8.983
8.885
8.624
8.265
7.955
7.615
7.196
6.425
5.969
5.606
4.945
4.177
3.848
3.684
3.783
3.748
3.699
3.630
3.752
4.193
5.126
6.480
8.105
8.852
8.983
8.885
8.624
8.265
7.955
7.615
7.196
6.425
5.969
5.606
4.945
4.177
3.848
3.684
3.783
3.748
3.699
3.630
3.752
4.193
5.126
6.480
8.105
8.852
8.983
8.885
8.624
8.265
7.955
7.615
7.196
6.425
5.969
5.606
4.945
4.177
3.848
3.684
3.642
3.530
3.479
3.416
3.416
3.661
4.165
4.584
5.293
5.864
6.047
6.029
5.946
5.725
5.545
5.513
5.550
5.278
4.952
4.652
4.225
3.841
3.733
3.464
3.557
3.458
3.401
3.311
3.295
3.508
3.900
4.074
4.361
4.835
5.091
5.295
5.345
5.210
5.120
4.970
4.816
4.589
4.359
4.156
3.850
3.486
3.526
3.684
3.783
3.748
3.699
3.630
3.752
4.193
5.126
6.480
8.105
8.852
8.983
8.885
8.624
8.265
7.955
7.615
7.196
6.425
5.969
5.606
4.945
4.177
3.848
3.684
3.783
3.748
3.699
3.630
3.752
4.193
5.126
6.480
8.105
8.852
8.983
8.885
8.624
8.265
7.955
7.615
7.196
6.425
5.969
5.606
4.945
4.177
3.848
3.684
3.783
3.748
3.699
3.630
3.752
4.193
5.126
6.480
8.105
8.852
8.983
8.885
8.624
8.265
7.955
7.615
7.196
6.425
5.969
5.606
4.945
4.177
3.848
3.684
3.783
3.748
3.699
3.630
3.752
4.193
5.126
6.480
8.105
8.852
8.983
8.885
8.624
8.265
7.955
7.615
7.196
6.425
5.969
5.606
4.945
4.177
3.848
3.684
3.783
3.748
3.699
3.630
3.752
4.193
5.126
6.480
8.105
8.852
8.983
8.885
8.624
8.265
7.955
7.615
7.196
6.425
5.969
5.606
4.945
4.177
3.848
3.684
3.642
3.530
3.479
3.416
3.416
3.661
4.165
4.584
5.293
5.864
6.047
6.029
5.946
5.725
5.545
5.513
5.550
5.278
4.952
4.652
4.225
3.841
3.733
3.464
3.557
3.458
3.401
3.311
3.295
3.508
3.900
4.074
4.361
4.835
5.091
5.295
5.345
5.210
5.120
4.970
4.816
4.589
4.359
4.156
3.850
3.486
3.526
3.684
3.783
3.748
3.699
3.630
3.752
4.193
5.126
6.480
8.105
8.852
8.983
8.885
8.624
8.265
7.955
7.615
7.196
6.425
5.969
5.606
4.945
4.177
3.848
3.684
3.783
3.748
3.699
3.630
3.752
4.193
5.126
6.480
8.105
8.852
8.983
8.885
8.624
8.265
7.955
7.615
7.196
6.425
5.969
5.606
4.945
4.177
3.848
3.684
3.783
3.748
3.699
3.630
3.752
4.193
5.126
6.480
8.105
8.852
8.983
8.885
8.624
8.265
7.955
7.615
7.196
6.425
5.969
5.606
4.945
4.177
3.848
3.684
3.783
3.748
3.699
3.630
3.752
4.193
5.126
6.480
8.105
8.852
8.983
8.885
8.624
8.265
7.955
7.615
7.196
6.425
5.969
5.606
4.945
4.177
3.848
3.684
3.783
3.748
3.699
3.630
3.752
4.193
5.126
6.480
8.105
8.852
8.983
8.885
8.624
8.265
7.955
7.615
7.196
6.425
5.969
5.606
4.945
4.177
3.848
3.684
3.642
3.530
3.479
3.416
3.416
3.661
4.165
4.584
5.293
5.864
6.047
6.029
5.946
5.725
5.545
5.513
5.550
5.278
4.952
4.652
4.225
3.841
3.733
3.464
3.557
3.458
3.401
3.311
3.295
3.508
3.900
4.074
4.361
4.835
5.091
5.295
5.345
5.210
5.120
4.970
4.816
4.589
4.359
4.156
3.850
3.486
3.526
3.684
3.783
3.748
3.699
3.630
3.752
4.193
5.126
6.480
8.105
8.852
8.983
8.885
8.624
8.265
7.955
7.615
7.196
6.425
5.969
5.606
4.945
4.177
3.848
3.684
3.783
3.748
3.699
3.630
3.752
4.193
5.126
6.480
8.105
8.852
8.983
8.885
8.624
8.265
7.955
7.615
7.196
6.425
5.969
5.606
4.945
4.177
3.848
3.684
3.783
3.748
3.699
3.630
3.752
4.193
5.126
6.480
8.105
8.852
8.983
8.885
8.624
8.265
7.955
7.615
7.196
6.425
5.969
5.606
4.945
4.177
3.848
3.684
3.783
3.748
3.699
3.630
3.752
4.193
5.126
6.480
8.105
8.852
8.983
8.885
8.624
8.265
7.955
7.615
7.196
6.425
5.969
5.606
4.945
4.177
3.848
3.684
3.783
3.748
3.699
3.630
3.752
4.193
5.126
6.480
8.105
8.852
8.983
8.885
8.624
8.265
7.955
7.615
7.196
6.425
5.969
5.606
4.945
4.177
3.848
3.684
3.642
3.530
3.479
3.416
3.416
3.661
4.165
4.584
5.293
5.864
6.047
6.029
5.946
5.725
5.545
5.513
5.550
5.278
4.952
4.652
4.225
3.841
3.733
3.464
3.557
3.458
3.401
3.311
3.295
3.508
3.900
4.074
4.361
4.835
5.091
5.295
5.345
5.210
5.120
4.970
4.816
4.589
4.359
4.156
3.850
3.486
3.526
3.684
3.783
3.748
3.699
3.630
3.752
4.193
5.126
6.480
8.105
8.852
8.983
8.885
8.624
8.265
7.955
7.615
7.196
6.425
5.969
5.606
4.945
4.177
3.848
3.684
3.783
3.748
3.699
3.630
3.752
4.193
5.126
6.480
8.105
8.852
8.983
8.885
8.624
8.265
7.955
7.615
7.196
6.425
5.969
5.606
4.945
4.177
3.848
3.684
3.783
3.748
3.699
3.630
3.752
4.193
5.126
6.480
8.105
8.852
8.983
8.885
8.624
8.265
7.955
7.615
7.196
6.425
5.969
5.606
4.945
4.177
3.848
3.684
3.783
3.748
3.699
3.630
3.752
4.193
5.126
6.480
8.105
8.852
8.983
8.885
8.624
8.265
7.955
7.615
7.196
6.425
5.969
5.606
4.945
4.177
3.848
3.684
3.783
3.748
3.699
3.630
3.752
4.193
5.126
6.480
8.105
8.852
8.983
8.885
8.624
8.265
7.955
7.615
7.196
6.425
5.969
5.606
4.945
4.177
3.848
3.684
3.642
3.530
3.479
3.416
3.416
3.661
4.165
4.584
5.293
5.864
6.047
6.029
5.946
5.725
5.545
5.513
5.550
5.278
4.952
4.652
4.225
3.841
3.733
3.464
3.557
3.458
3.401
3.311
3.295
3.508
3.900
4.074
4.361
4.835
5.091
5.295
5.345
5.210
5.120
4.970
4.816
4.589
4.359
4.156
3.850
3.486
3.526
3.684
3.783
3.748
3.699
3.630
3.752
4.193
5.126
6.480
8.105
8.852
8.983
8.885
8.624
8.265
7.955
7.615
7.196
6.425
5.969
5.606
4.945
4.177
3.848
3.684
3.783
3.748
3.699
3.630
3.752
4.193
5.126
6.480
8.105
8.852
8.983
8.885
8.624
8.265
7.955
7.615
7.196
6.425
5.969
5.606
4.945
4.177
3.848
3.684
3.783
3.748
3.699
3.630
3.752
4.193
5.126
6.480
8.105
8.852
8.983
8.885
8.624
8.265
7.955
7.615
7.196
6.425
5.969
5.606
4.945
4.177
3.848
3.684
3.783
3.748
3.699
3.630
3.752
4.193
5.126
6.480
8.105
8.852
8.983
8.885
8.624
8.265
7.955
7.615
7.196
6.425
5.969
5.606
4.945
4.177
3.848
3.684
3.783
3.748
3.699
3.630
3.752
4.193
5.126
6.480
8.105
8.852
8.983
8.885
8.624
8.265
7.955
7.615
7.196
6.425
5.969
5.606
4.945
4.177
3.848
3.684
3.642
3.530
3.479
3.416
3.416
3.661
4.165
4.584
5.293
5.864
6.047
6.029
5.946
5.725
5.545
5.513
5.550
5.278
4.952
4.652
4.225
3.841
3.733
3.464
3.557
3.458
3.401
3.311
3.295
3.508
3.900
4.074
4.361
4.835
5.091
5.295
5.345
5.210
5.120
4.970
4.816
4.589
4.359
4.156
3.850
3.486
3.526
3.684
3.783
3.748
3.699
3.630
3.752
4.193
5.126
6.480
8.105
8.852
8.983
8.885
8.624
8.265
7.955
7.615
7.196
6.425
5.969
5.606
4.945
4.177
3.848
3.684
3.783
3.748
3.699
3.630
3.752
4.193
5.126
6.480
8.105
8.852
8.983
8.885
8.624
8.265
7.955
7.615
7.196
6.425
5.969
5.606
4.945
4.177
3.848
3.684
3.783
3.748
3.699
3.630
3.752
4.193
5.126
6.480
8.105
8.852
8.983
8.885
8.624
8.265
7.955
7.615
7.196
6.425
5.969
5.606
4.945
4.177
3.848
3.684
3.783
3.748
3.699
3.630
3.752
4.193
5.126
6.480
8.105
8.852
8.983
8.885
8.624
8.265
7.955
7.615
7.196
6.425
5.969
5.606
4.945
4.177
3.848
3.684
3.783
3.748
3.699
3.630
3.752
4.193
5.126
6.480
8.105
8.852
8.983
8.885
8.624
8.265
7.955
7.615
7.196
6.425
5.969
5.606
4.945
4.177
3.848
3.684
3.642
3.530
3.479
3.416
3.416
3.661
4.165
4.584
5.293
5.864
6.047
6.029
5.946
5.725
5.545
5.513
5.550
5.278
4.952
4.652
4.225
3.841
3.733
3.464
3.557
3.458
3.401
3.311
3.295
3.508
3.900
4.074
4.361
4.835
5.091
5.295
5.345
5.210
5.120
4.970
4.816
4.589
4.359
4.156
3.850
3.486
3.526
3.684
3.783
3.748
3.699
3.630
3.752
4.193
5.126
6.480
8.105
8.852
8.983
8.885
8.624
8.265
7.955
7.615
7.196
6.425
5.969
5.606
4.945
4.177
3.848
3.684
3.783
3.748
3.699
3.630
3.752
4.193
5.126
6.480
8.105
8.852
8.983
8.885
8.624
8.265
7.955
7.615
7.196
6.425
5.969
5.606
4.945
4.177
3.848
3.684
3.783
3.748
3.699
3.630
3.752
4.193
5.126
6.480
8.105
8.852
8.983
8.885
8.624
8.265
7.955
7.615
7.196
6.425
5.969
5.606
4.945
4.177
3.848
3.684
3.783
3.748
3.699
3.630
3.752
4.193
5.126
6.480
8.105
8.852
8.983
8.885
8.624
8.265
7.955
7.615
7.196
6.425
5.969
5.606
4.945
4.177
3.848
3.684
3.783
3.748
3.699
3.630
3.752
4.193
5.126
6.480
8.105
8.852
8.983
8.885
8.624
8.265
7.955
7.615
7.196
6.425
5.969
5.606
4.945
4.177
3.848
3.684
3.642
3.530
3.479
3.416
3.416
3.661
4.165
4.584
5.293
5.864
6.047
6.029
5.946
5.725
5.545
5.513
5.550
5.278
4.952
4.652
4.225
3.841
3.733
3.464
3.557
3.458
3.401
3.311
3.295
3.508
3.900
4.074
4.361
4.835
5.091
5.295
5.345
5.210
5.120
4.970
4.816
4.589
4.359
4.156
3.850
3.486
3.526
3.684
3.783
3.748
3.699
3.630
3.752
4.193
5.126
6.480
8.105
8.852
8.983
8.885
8.624
8.265
7.955
7.615
7.196
6.425
5.969
5.606
4.945
4.177
3.848
3.684
3.783
3.748
3.699
3.630
3.752
4.193
5.126
6.480
8.105
8.852
8.983
8.885
8.624
8.265
7.955
7.615
7.196
6.425
5.969
5.606
4.945
4.177
3.848
3.684
3.783
3.748
3.699
3.630
3.752
4.193
5.126
6.480
8.105
8.852
8.983
8.885
8.624
8.265
7.955
7.615
7.196
6.425
5.969
5.606
4.945
4.177
3.848
3.684
3.783
3.748
3.699
3.630
3.752
4.193
5.126
6.480
8.105
8.852
8.983
8.885
8.624
8.265
7.955
7.615
7.196
6.425
5.969
5.606
4.945
4.177
3.848
3.684
3.783
3.748
3.699
3.630
3.752
4.193
5.126
6.480
8.105
8.852
8.983
8.885
8.624
8.265
7.955
7.615
7.196
6.425
5.969
5.606
4.945
4.177
3.848
3.684
3.642
3.530
3.479
3.416
3.416
3.661
4.165
4.584
5.293
5.864
6.047
6.029
5.946
5.725
5.545
5.513
5.550
5.278
4.952
4.652
4.225
3.841
3.733
3.464
3.557
3.458
3.401
3.311
3.295
3.508
3.900
4.074
4.361
4.835
5.091
5.295
5.345
5.210
5.120
4.970
4.816
4.589
4.359
4.156
3.850
3.486
3.526
3.684
3.783
3.748
3.699
3.630
3.752
4.193
5.126
6.480
8.105
8.852
8.983
8.885
8.624
8.265
7.955
7.615
7.196
6.425
5.969
5.606
4.945
4.177
3.848
3.684
3.783
3.748
3.699
3.630
3.752
4.193
5.126
6.480
8.105
8.852
8.983
8.885
8.624
8.265
7.955
7.615
7.196
6.425
5.969
5.606
4.945
4.177
3.848
3.684
3.783
3.748
3.699
3.630
3.752
4.193
5.126
6.480
8.105
8.852
8.983
8.885
8.624
8.265
7.955
7.615
7.196
6.425
5.969
5.606
4.945
4.177
3.848
3.684
3.783
3.748
3.699
3.630
3.752
4.193
5.126
6.480
8.105
8.852
8.983
8.885
8.624
8.265
7.955
7.615
7.196
6.425
5.969
5.606
4.945
4.177
3.848
3.684
3.783
3.748
3.699
3.630
3.752
4.193
5.126
6.480
8.105
8.852
8.983
8.885
8.624
8.265
7.955
7.615
7.196
6.425
5.969
5.606
4.945
4.177
3.848
3.684
3.642
3.530
3.479
3.416
3.416
3.661
4.165
4.584
5.293
5.864
6.047
6.029
5.946
5.725
5.545
5.513
5.550
5.278
4.952
4.652
4.225
3.841
3.733
3.464
3.557
3.458
3.401
3.311
3.295
3.508
3.900
4.074
4.361
4.835
5.091
5.295
5.345
5.210
5.120
4.970
4.816
4.589
4.359
4.156
3.850
3.486
3.526
3.684
3.783
3.748
3.699
3.630
3.752
4.193
5.126
6.480
8.105
8.852
8.983
8.885
8.624
8.265
7.955
7.615
7.196
6.425
5.969
5.606
4.945
4.177
3.848
3.684
3.783
3.748
3.699
3.630
3.752
4.193
5.126
6.480
8.105
8.852
8.983
8.885
8.624
8.265
7.955
7.615
7.196
6.425
5.969
5.606
4.945
4.177
3.848
3.684
3.783
3.748
3.699
3.630
3.752
4.193
5.126
6.480
8.105
8.852
8.983
8.885
8.624
8.265
7.955
7.615
7.196
6.425
5.969
5.606
4.945
4.177
3.848
3.684
3.783
3.748
3.699
3.630
3.752
4.193
5.126
6.480
8.105
8.852
8.983
8.885
8.624
8.265
7.955
7.615
7.196
6.425
5.969
5.606
4.945
4.177
3.848
3.684
3.783
3.748
3.699
3.630
3.752
4.193
5.126
6.480
8.105
8.852
8.983
8.885
8.624
8.265
7.955
7.615
7.196
6.425
5.969
5.606
4.945
4.177
3.848
3.684
3.642
3.530
3.479
3.416
3.416
3.661
4.165
4.584
5.293
5.864
6.047
6.029
5.946
5.725
5.545
5.513
5.550
5.278
4.952
4.652
4.225
3.841
3.733
1.867
2.577
2.700
2.691
2.649
2.605
2.704
2.900
3.032
3.369
3.543
3.630
3.612
3.516
3.403
3.312
3.160
2.830
2.571
2.623
2.726
2.728
2.455
1.867
2.741
2.810
2.754
2.691
2.711
3.031
3.548
4.561
5.792
6.248
6.372
6.235
5.987
5.762
5.437
5.122
4.631
3.959
3.545
3.478
3.451
3.122
2.833
2.753
2.741
2.810
2.754
2.691
2.711
3.031
3.548
4.561
5.792
6.248
6.372
6.235
5.987
5.762
5.437
5.122
4.631
3.959
3.545
3.478
3.451
3.122
2.833
2.753
2.741
2.810
2.754
2.691
2.711
3.031
3.548
4.561
5.792
6.248
6.372
6.235
5.987
5.762
5.437
5.122
4.631
3.959
3.545
3.478
3.451
3.122
2.833
2.753
2.741
2.810
2.754
2.691
2.711
3.031
3.548
4.561
5.792
6.248
6.372
6.235
5.987
5.762
5.437
5.122
4.631
3.959
3.545
3.478
3.451
3.122
2.833
2.753
2.741
2.810
2.754
2.691
2.711
3.031
3.548
4.561
5.792
6.248
6.372
6.235
5.987
5.762
5.437
5.122
4.631
3.959
3.545
3.478
3.451
3.122
2.833
2.753
2.585
2.534
2.523
2.494
2.499
2.543
2.743
3.037
3.790
4.059
4.044
3.976
3.852
3.740
3.399
3.228
3.270
3.132
2.779
2.771
2.950
2.771
2.635
2.534
2.577
2.700
2.691
2.649
2.605
2.704
2.900
3.032
3.369
3.543
3.630
3.612
3.516
3.403
3.312
3.160
2.830
2.571
2.623
2.726
2.728
2.455
2.333
1.867
2.741
2.810
2.754
2.691
2.711
3.031
3.548
4.561
5.792
6.248
6.372
6.235
5.987
5.762
5.437
5.122
4.631
3.959
3.545
3.478
3.451
3.122
2.833
2.753
2.741
2.810
2.754
2.691
2.711
3.031
3.548
4.561
5.792
6.248
6.372
6.235
5.987
5.762
5.437
5.122
4.631
3.959
3.545
3.478
3.451
3.122
2.833
2.753
2.741
2.810
2.754
2.691
2.711
3.031
3.548
4.561
5.792
6.248
6.372
6.235
5.987
5.762
5.437
5.122
4.631
3.959
3.545
3.478
3.451
3.122
2.833
2.753
2.741
2.810
2.754
2.691
2.711
3.031
3.548
4.561
5.792
6.248
6.372
6.235
5.987
5.762
5.437
5.122
4.631
3.959
3.545
3.478
3.451
3.122
2.833
2.753
2.741
2.810
2.754
2.691
2.711
3.031
3.548
4.561
5.792
6.248
6.372
6.235
5.987
5.762
5.437
5.122
4.631
3.959
3.545
3.478
3.451
3.122
2.833
2.753
2.585
2.534
2.523
2.494
2.499
2.543
2.743
3.037
3.790
4.059
4.044
3.976
3.852
3.740
3.399
3.228
3.270
3.132
2.779
2.771
2.950
2.771
2.635
2.534
2.577
2.700
2.691
2.649
2.605
2.704
2.900
3.032
3.369
3.543
3.630
3.612
3.516
3.403
3.312
3.160
2.830
2.571
2.623
2.726
2.728
2.455
2.333
1.867
2.741
2.810
2.754
2.691
2.711
3.031
3.548
4.561
5.792
6.248
6.372
6.235
5.987
5.762
5.437
5.122
4.631
3.959
3.545
3.478
3.451
3.122
2.833
2.753
2.741
2.810
2.754
2.691
2.711
3.031
3.548
4.561
5.792
6.248
6.372
6.235
5.987
5.762
5.437
5.122
4.631
3.959
3.545
3.478
3.451
3.122
2.833
2.753
2.741
2.810
2.754
2.691
2.711
3.031
3.548
4.561
5.792
6.248
6.372
6.235
5.987
5.762
5.437
5.122
4.631
3.959
3.545
3.478
3.451
3.122
2.833
2.753
2.741
2.810
2.754
2.691
2.711
3.031
3.548
4.561
5.792
6.248
6.372
6.235
5.987
5.762
5.437
5.122
4.631
3.959
3.545
3.478
3.451
3.122
2.833
2.753
2.741
2.810
2.754
2.691
2.711
3.031
3.548
4.561
5.792
6.248
6.372
6.235
5.987
5.762
5.437
5.122
4.631
3.959
3.545
3.478
3.451
3.122
2.833
2.753
2.138
2.023
1.962
1.954
1.818
1.739
2.020
2.394
2.993
3.449
3.584
3.661
3.685
3.675
3.531
3.473
3.378
3.070
2.777
2.624
2.439
2.385
2.373
2.229
2.018
2.001
1.898
1.855
1.761
1.679
1.977
2.126
2.361
2.685
2.939
3.060
3.154
3.116
3.036
2.956
2.763
2.571
2.443
2.388
2.357
2.249
2.119
2.088
2.105
2.074
2.022
2.010
1.936
1.971
2.538
3.579
4.697
5.194
5.419
5.372
5.252
5.091
4.910
4.691
4.342
3.649
3.296
3.075
2.769
2.616
2.442
2.262
2.105
2.074
2.022
2.010
1.936
1.971
2.538
3.579
4.697
5.194
5.419
5.372
5.252
5.091
4.910
4.691
4.342
3.649
3.296
3.075
2.769
2.616
2.442
2.262
2.105
2.074
2.022
2.010
1.936
1.971
2.538
3.579
4.697
5.194
5.419
5.372
5.252
5.091
4.910
4.691
4.342
3.649
3.296
3.075
2.769
2.616
2.442
2.262
2.105
2.074
2.022
2.010
1.936
1.971
2.538
3.579
4.697
5.194
5.419
5.372
5.252
5.091
4.910
4.691
4.342
3.649
3.296
3.075
2.769
2.616
2.442
2.262
2.105
2.074
2.022
2.010
1.936
1.971
2.538
3.579
4.697
5.194
5.419
5.372
5.252
5.091
4.910
4.691
4.342
3.649
3.296
3.075
2.769
2.616
2.442
2.262
2.138
2.023
1.962
1.954
1.818
1.739
2.020
2.394
2.993
3.449
3.584
3.661
3.685
3.675
3.531
3.473
3.378
3.070
2.777
2.624
2.439
2.385
2.373
2.229
2.018
2.001
1.898
1.855
1.761
1.679
1.977
2.126
2.361
2.685
2.939
3.060
3.154
3.116
3.036
2.956
2.763
2.571
2.443
2.388
2.357
2.249
2.119
2.088
2.105
2.074
2.022
2.010
1.936
1.971
2.538
3.579
4.697
5.194
5.419
5.372
5.252
5.091
4.910
4.691
4.342
3.649
3.296
3.075
2.769
2.616
2.442
2.262
2.105
2.074
2.022
2.010
1.936
1.971
2.538
3.579
4.697
5.194
5.419
5.372
5.252
5.091
4.910
4.691
4.342
3.649
3.296
3.075
2.769
2.616
2.442
2.262
2.105
2.074
2.022
2.010
1.936
1.971
2.538
3.579
4.697
5.194
5.419
5.372
5.252
5.091
4.910
4.691
4.342
3.649
3.296
3.075
2.769
2.616
2.442
2.262
2.105
2.074
2.022
2.010
1.936
1.971
2.538
3.579
4.697
5.194
5.419
5.372
5.252
5.091
4.910
4.691
4.342
3.649
3.296
3.075
2.769
2.616
2.442
2.262
2.105
2.074
2.022
2.010
1.936
1.971
2.538
3.579
4.697
5.194
5.419
5.372
5.252
5.091
4.910
4.691
4.342
3.649
3.296
3.075
2.769
2.616
2.442
2.262
2.138
2.023
1.962
1.954
1.818
1.739
2.020
2.394
2.993
3.449
3.584
3.661
3.685
3.675
3.531
3.473
3.378
3.070
2.777
2.624
2.439
2.385
2.373
2.229
2.018
2.001
1.898
1.855
1.761
1.679
1.977
2.126
2.361
2.685
2.939
3.060
3.154
3.116
3.036
2.956
2.763
2.571
2.443
2.388
2.357
2.249
2.119
2.088
2.105
2.074
2.022
2.010
1.936
1.971
2.538
3.579
4.697
5.194
5.419
5.372
5.252
5.091
4.910
4.691
4.342
3.649
3.296
3.075
2.769
2.616
2.442
2.262
2.105
2.074
2.022
2.010
1.936
1.971
2.538
3.579
4.697
5.194
5.419
5.372
5.252
5.091
4.910
4.691
4.342
3.649
3.296
3.075
2.769
2.616
2.442
2.262
2.105
2.074
2.022
2.010
1.936
1.971
2.538
3.579
4.697
5.194
5.419
5.372
5.252
5.091
4.910
4.691
4.342
3.649
3.296
3.075
2.769
2.616
2.442
2.262
2.105
2.074
2.022
2.010
1.936
1.971
2.538
3.579
4.697
5.194
5.419
5.372
5.252
5.091
4.910
4.691
4.342
3.649
3.296
3.075
2.769
2.616
2.442
2.262
2.105
2.074
2.022
2.010
1.936
1.971
2.538
3.579
4.697
5.194
5.419
5.372
5.252
5.091
4.910
4.691
4.342
3.649
3.296
3.075
2.769
2.616
2.442
2.262
2.138
2.023
1.962
1.954
1.818
1.739
2.020
2.394
2.993
3.449
3.584
3.661
3.685
3.675
3.531
3.473
3.378
3.070
2.777
2.624
2.439
2.385
2.373
2.229
2.018
2.001
1.898
1.855
1.761
1.679
1.977
2.126
2.361
2.685
2.939
3.060
3.154
3.116
3.036
2.956
2.763
2.571
2.443
2.388
2.357
2.249
2.119
2.088
2.105
2.074
2.022
2.010
1.936
1.971
2.538
3.579
4.697
5.194
5.419
5.372
5.252
5.091
4.910
4.691
4.342
3.649
3.296
3.075
2.769
2.616
2.442
2.262
2.105
2.074
2.022
2.010
1.936
1.971
2.538
3.579
4.697
5.194
5.419
5.372
5.252
5.091
4.910
4.691
4.342
3.649
3.296
3.075
2.769
2.616
2.442
2.262
2.105
2.074
2.022
2.010
1.936
1.971
2.538
3.579
4.697
5.194
5.419
5.372
5.252
5.091
4.910
4.691
4.342
3.649
3.296
3.075
2.769
2.616
2.442
2.262
2.105
2.074
2.022
2.010
1.936
1.971
2.538
3.579
4.697
5.194
5.419
5.372
5.252
5.091
4.910
4.691
4.342
3.649
3.296
3.075
2.769
2.616
2.442
2.262
2.105
2.074
2.022
2.010
1.936
1.971
2.538
3.579
4.697
5.194
5.419
5.372
5.252
5.091
4.910
4.691
4.342
3.649
3.296
3.075
2.769
2.616
2.442
2.262
2.138
2.023
1.962
1.954
1.818
1.739
2.020
2.394
2.993
3.449
3.584
3.661
3.685
3.675
3.531
3.473
3.378
3.070
2.777
2.624
2.439
2.385
2.373
2.229
2.018
2.001
1.898
1.855
1.761
1.679
1.977
2.126
2.361
2.685
2.939
3.060
3.154
3.116
3.036
2.956
2.763
2.571
2.443
2.388
2.357
2.249
2.119
2.088
2.105
2.074
2.022
2.010
1.936
1.971
2.538
3.579
4.697
5.194
5.419
5.372
5.252
5.091
4.910
4.691
4.342
3.649
3.296
3.075
2.769
2.616
2.442
2.262
2.105
2.074
2.022
2.010
1.936
1.971
2.538
3.579
4.697
5.194
5.419
5.372
5.252
5.091
4.910
4.691
4.342
3.649
3.296
3.075
2.769
2.616
2.442
2.262
2.105
2.074
2.022
2.010
1.936
1.971
2.538
3.579
4.697
5.194
5.419
5.372
5.252
5.091
4.910
4.691
4.342
3.649
3.296
3.075
2.769
2.616
2.442
2.262
2.105
2.074
2.022
2.010
1.936
1.971
2.538
3.579
4.697
5.194
5.419
5.372
5.252
5.091
4.910
4.691
4.342
3.649
3.296
3.075
2.769
2.616
2.442
2.262
2.105
2.074
2.022
2.010
1.936
1.971
2.538
3.579
4.697
5.194
5.419
5.372
5.252
5.091
4.910
4.691
4.342
3.649
3.296
3.075
2.769
2.616
2.442
2.262
2.138
2.023
1.962
1.954
1.818
1.739
2.020
2.394
2.993
3.449
3.584
3.661
3.685
3.675
3.531
3.473
3.378
3.070
2.777
2.624
2.439
2.385
2.373
2.229
2.018
2.001
1.898
1.855
1.761
1.679
1.977
2.126
2.361
2.685
2.939
3.060
3.154
3.116
3.036
2.956
2.763
2.571
2.443
2.388
2.357
2.249
2.119
2.088
2.105
2.074
2.022
2.010
1.936
1.971
2.538
3.579
4.697
5.194
5.419
5.372
5.252
5.091
4.910
4.691
4.342
3.649
3.296
3.075
2.769
2.616
2.442
2.262
2.105
2.074
2.022
2.010
1.936
1.971
2.538
3.579
4.697
5.194
5.419
5.372
5.252
5.091
4.910
4.691
4.342
3.649
3.296
3.075
2.769
2.616
2.442
2.262
2.105
2.074
2.022
2.010
1.936
1.971
2.538
3.579
4.697
5.194
5.419
5.372
5.252
5.091
4.910
4.691
4.342
3.649
3.296
3.075
2.769
2.616
2.442
2.262
2.105
2.074
2.022
2.010
1.936
1.971
2.538
3.579
4.697
5.194
5.419
5.372
5.252
5.091
4.910
4.691
4.342
3.649
3.296
3.075
2.769
2.616
2.442
2.262
2.105
2.074
2.022
2.010
1.936
1.971
2.538
3.579
4.697
5.194
5.419
5.372
5.252
5.091
4.910
4.691
4.342
3.649
3.296
3.075
2.769
2.616
2.442
2.262
2.138
2.023
1.962
1.954
1.818
1.739
2.020
2.394
2.993
3.449
3.584
3.661
3.685
3.675
3.531
3.473
3.378
3.070
2.777
2.624
2.439
2.385
2.373
2.229
2.018
2.001
1.898
1.855
1.761
1.679
1.977
2.126
2.361
2.685
2.939
3.060
3.154
3.116
3.036
2.956
2.763
2.571
2.443
2.388
2.357
2.249
2.119
2.088
2.105
2.074
2.022
2.010
1.936
1.971
2.538
3.579
4.697
5.194
5.419
5.372
5.252
5.091
4.910
4.691
4.342
3.649
3.296
3.075
2.769
2.616
2.442
2.262
2.105
2.074
2.022
2.010
1.936
1.971
2.538
3.579
4.697
5.194
5.419
5.372
5.252
5.091
4.910
4.691
4.342
3.649
3.296
3.075
2.769
2.616
2.442
2.262
2.105
2.074
2.022
2.010
1.936
1.971
2.538
3.579
4.697
5.194
5.419
5.372
5.252
5.091
4.910
4.691
4.342
3.649
3.296
3.075
2.769
2.616
2.442
2.262
2.105
2.074
2.022
2.010
1.936
1.971
2.538
3.579
4.697
5.194
5.419
5.372
5.252
5.091
4.910
4.691
4.342
3.649
3.296
3.075
2.769
2.616
2.442
2.262
2.105
2.074
2.022
2.010
1.936
1.971
2.538
3.579
4.697
5.194
5.419
5.372
5.252
5.091
4.910
4.691
4.342
3.649
3.296
3.075
2.769
2.616
2.442
2.262
2.138
2.023
1.962
1.954
1.818
1.739
2.020
2.394
2.993
3.449
3.584
3.661
3.685
3.675
3.531
3.473
3.378
3.070
2.777
2.624
2.439
2.385
2.373
2.229
2.018
2.001
1.898
1.855
1.761
1.679
1.977
2.126
2.361
2.685
2.939
3.060
3.154
3.116
3.036
2.956
2.763
2.571
2.443
2.388
2.357
2.249
2.119
2.088
2.105
2.074
2.022
2.010
1.936
1.971
2.538
3.579
4.697
5.194
5.419
5.372
5.252
5.091
4.910
4.691
4.342
3.649
3.296
3.075
2.769
2.616
2.442
2.262
2.105
2.074
2.022
2.010
1.936
1.971
2.538
3.579
4.697
5.194
5.419
5.372
5.252
5.091
4.910
4.691
4.342
3.649
3.296
3.075
2.769
2.616
2.442
2.262
2.105
2.074
2.022
2.010
1.936
1.971
2.538
3.579
4.697
5.194
5.419
5.372
5.252
5.091
4.910
4.691
4.342
3.649
3.296
3.075
2.769
2.616
2.442
2.262
2.105
2.074
2.022
2.010
1.936
1.971
2.538
3.579
4.697
5.194
5.419
5.372
5.252
5.091
4.910
4.691
4.342
3.649
3.296
3.075
2.769
2.616
2.442
2.262
2.105
2.074
2.022
2.010
1.936
1.971
2.538
3.579
4.697
5.194
5.419
5.372
5.252
5.091
4.910
4.691
4.342
3.649
3.296
3.075
2.769
2.616
2.442
2.262
2.138
2.023
1.962
1.954
1.818
1.739
2.020
2.394
2.993
3.449
3.584
3.661
3.685
3.675
3.531
3.473
3.378
3.070
2.777
2.624
2.439
2.385
2.373
2.229
2.018
2.001
1.898
1.855
1.761
1.679
1.977
2.126
2.361
2.685
2.939
3.060
3.154
3.116
3.036
2.956
2.763
2.571
2.443
2.388
2.357
2.249
2.119
2.088
2.105
2.074
2.022
2.010
1.936
1.971
2.538
3.579
4.697
5.194
5.419
5.372
5.252
5.091
4.910
4.691
4.342
3.649
3.296
3.075
2.769
2.616
2.442
2.262
2.105
2.074
2.022
2.010
1.936
1.971
2.538
3.579
4.697
5.194
5.419
5.372
5.252
5.091
4.910
4.691
4.342
3.649
3.296
3.075
2.769
2.616
2.442
2.262
2.105
2.074
2.022
2.010
1.936
1.971
2.538
3.579
4.697
5.194
5.419
5.372
5.252
5.091
4.910
4.691
4.342
3.649
3.296
3.075
2.769
2.616
2.442
2.262
2.105
2.074
2.022
2.010
1.936
1.971
2.538
3.579
4.697
5.194
5.419
5.372
5.252
5.091
4.910
4.691
4.342
3.649
3.296
3.075
2.769
2.616
2.442
2.262
2.105
2.074
2.022
2.010
1.936
1.971
2.538
3.579
4.697
5.194
5.419
5.372
5.252
5.091
4.910
4.691
4.342
3.649
3.296
3.075
2.769
2.616
2.442
2.262
2.138
2.023
1.962
1.954
1.818
1.739
2.020
2.394
2.993
3.449
3.584
3.661
3.685
3.675
3.531
3.473
3.378
3.070
2.777
2.624
2.439
2.385
2.373
2.229
2.018
2.001
1.898
1.855
1.761
1.679
1.977
2.126
2.361
2.685
2.939
3.060
3.154
3.116
3.036
2.956
2.763
2.571
2.443
2.388
2.357
2.249
2.119
2.088
2.105
2.074
2.022
2.010
1.936
1.971
2.538
3.579
4.697
5.194
5.419
5.372
5.252
5.091
4.910
4.691
4.342
3.649
3.296
3.075
2.769
2.616
2.442
2.262
2.105
2.074
2.022
2.010
1.936
1.971
2.538
3.579
4.697
5.194
5.419
5.372
5.252
5.091
4.910
4.691
4.342
3.649
3.296
3.075
2.769
2.616
2.442
2.262
2.105
2.074
2.022
2.010
1.936
1.971
2.538
3.579
4.697
5.194
5.419
5.372
5.252
5.091
4.910
4.691
4.342
3.649
3.296
3.075
2.769
2.616
2.442
2.262
2.105
2.074
2.022
2.010
1.936
1.971
2.538
3.579
4.697
5.194
5.419
5.372
5.252
5.091
4.910
4.691
4.342
3.649
3.296
3.075
2.769
2.616
2.442
2.262
2.105
2.074
2.022
2.010
1.936
1.971
2.538
3.579
4.697
5.194
5.419
5.372
5.252
5.091
4.910
4.691
4.342
3.649
3.296
3.075
2.769
2.616
2.442
2.262
1.815
1.750
1.713
1.684
1.681
1.708
1.858
2.150
2.748
3.050
3.190
3.247
3.232
3.221
3.191
3.145
3.039
2.846
2.536
2.440
2.439
2.349
2.164
1.950
1.812
1.746
1.705
1.679
1.673
1.679
1.776
1.955
2.206
2.594
2.873
2.971
3.002
3.016
2.978
2.930
2.763
2.571
2.435
2.388
2.357
2.249
2.058
1.867
1.798
1.749
1.724
1.707
1.712
1.805
2.084
2.659
3.479
3.850
4.019
4.111
4.103
4.104
4.055
3.954
3.726
3.331
3.030
2.924
2.769
2.536
2.196
1.949
1.798
1.749
1.724
1.707
1.712
1.805
2.084
2.659
3.479
3.850
4.019
4.111
4.103
4.104
4.055
3.954
3.726
3.331
3.030
2.924
2.769
2.536
2.196
1.949
1.798
1.749
1.724
1.707
1.712
1.805
2.084
2.659
3.479
3.850
4.019
4.111
4.103
4.104
4.055
3.954
3.726
3.331
3.030
2.924
2.769
2.536
2.196
1.949
1.798
1.749
1.724
1.707
1.712
1.805
2.084
2.659
3.479
3.850
4.019
4.111
4.103
4.104
4.055
3.954
3.726
3.331
3.030
2.924
2.769
2.536
2.196
1.949
1.798
1.749
1.724
1.707
1.712
1.805
2.084
2.659
3.479
3.850
4.019
4.111
4.103
4.104
4.055
3.954
3.726
3.331
3.030
2.924
2.769
2.536
2.196
1.949
1.815
1.750
1.713
1.684
1.681
1.708
1.858
2.150
2.748
3.050
3.190
3.247
3.232
3.221
3.191
3.145
3.039
2.846
2.536
2.440
2.439
2.349
2.164
1.950
1.812
1.746
1.705
1.679
1.673
1.679
1.776
1.955
2.206
2.594
2.873
2.971
3.002
3.016
2.978
2.930
2.763
2.571
2.435
2.388
2.357
2.249
2.058
1.867
1.798
1.749
1.724
1.707
1.712
1.805
2.084
2.659
3.479
3.850
4.019
4.111
4.103
4.104
4.055
3.954
3.726
3.331
3.030
2.924
2.769
2.536
2.196
1.949
1.798
1.749
1.724
1.707
1.712
1.805
2.084
2.659
3.479
3.850
4.019
4.111
4.103
4.104
4.055
3.954
3.726
3.331
3.030
2.924
2.769
2.536
2.196
1.949
1.798
1.749
1.724
1.707
1.712
1.805
2.084
2.659
3.479
3.850
4.019
4.111
4.103
4.104
4.055
3.954
3.726
3.331
3.030
2.924
2.769
2.536
2.196
1.949
1.798
1.749
1.724
1.707
1.712
1.805
2.084
2.659
3.479
3.850
4.019
4.111
4.103
4.104
4.055
3.954
3.726
3.331
3.030
2.924
2.769
2.536
2.196
1.949
1.798
1.749
1.724
1.707
1.712
1.805
2.084
2.659
3.479
3.850
4.019
4.111
4.103
4.104
4.055
3.954
3.726
3.331
3.030
2.924
2.769
2.536
2.196
1.949
1.815
1.750
1.713
1.684
1.681
1.708
1.858
2.150
2.748
3.050
3.190
3.247
3.232
3.221
3.191
3.145
3.039
2.846
2.536
2.440
2.439
2.349
2.164
1.950
1.812
1.746
1.705
1.679
1.673
1.679
1.776
1.955
2.206
2.594
2.873
2.971
3.002
3.016
2.978
2.930
2.763
2.571
2.435
2.388
2.357
2.249
2.058
1.867
1.798
1.749
1.724
1.707
1.712
1.805
2.084
2.659
3.479
3.850
4.019
4.111
4.103
4.104
4.055
3.954
3.726
3.331
3.030
2.924
2.769
2.536
2.196
1.949
1.798
1.749
1.724
1.707
1.712
1.805
2.084
2.659
3.479
3.850
4.019
4.111
4.103
4.104
4.055
3.954
3.726
3.331
3.030
2.924
2.769
2.536
2.196
1.949
1.798
1.749
1.724
1.707
1.712
1.805
2.084
2.659
3.479
3.850
4.019
4.111
4.103
4.104
4.055
3.954
3.726
3.331
3.030
2.924
2.769
2.536
2.196
1.949
1.798
1.749
1.724
1.707
1.712
1.805
2.084
2.659
3.479
3.850
4.019
4.111
4.103
4.104
4.055
3.954
3.726
3.331
3.030
2.924
2.769
2.536
2.196
1.949
1.798
1.749
1.724
1.707
1.712
1.805
2.084
2.659
3.479
3.850
4.019
4.111
4.103
4.104
4.055
3.954
3.726
3.331
3.030
2.924
2.769
2.536
2.196
1.949
1.815
1.750
1.713
1.684
1.681
1.708
1.858
2.150
2.748
3.050
3.190
3.247
3.232
3.221
3.191
3.145
3.039
2.846
2.536
2.440
2.439
2.349
2.164
1.950
1.812
1.746
1.705
1.679
1.673
1.679
1.776
1.955
2.206
2.594
2.873
2.971
3.002
3.016
2.978
2.930
2.763
2.571
2.435
2.388
2.357
2.249
2.058
1.867
1.798
1.749
1.724
1.707
1.712
1.805
2.084
2.659
3.479
3.850
4.019
4.111
4.103
4.104
4.055
3.954
3.726
3.331
3.030
2.924
2.769
2.536
2.196
1.949
1.798
1.749
1.724
1.707
1.712
1.805
2.084
2.659
3.479
3.850
4.019
4.111
4.103
4.104
4.055
3.954
3.726
3.331
3.030
2.924
2.769
2.536
2.196
1.949
1.798
1.749
1.724
1.707
1.712
1.805
2.084
2.659
3.479
3.850
4.019
4.111
4.103
4.104
4.055
3.954
3.726
3.331
3.030
2.924
2.769
2.536
2.196
1.949
1.798
1.749
1.724
1.707
1.712
1.805
2.084
2.659
3.479
3.850
4.019
4.111
4.103
4.104
4.055
3.954
3.726
3.331
3.030
2.924
2.769
2.536
2.196
1.949
1.798
1.749
1.724
1.707
1.712
1.805
2.084
2.659
3.479
3.850
4.019
4.111
4.103
4.104
4.055
3.954
3.726
3.331
3.030
2.924
2.769
2.536
2.196
1.949
1.815
1.750
1.713
1.684
1.681
1.708
1.858
2.150
2.748
3.050
3.190
3.247
3.232
3.221
3.191
3.145
3.039
2.846
2.536
2.440
2.439
2.349
2.164
1.950
1.812
1.746
1.705
1.679
1.673
1.679
1.776
1.955
2.206
2.594
2.873
2.971
3.002
3.016
2.978
2.930
2.763
2.571
2.435
2.388
2.357
2.249
2.058
1.867
1.798
1.749
1.724
1.707
1.712
1.805
2.084
2.659
3.479
3.850
4.019
4.111
4.103
4.104
4.055
3.954
3.726
3.331
3.030
2.924
2.769
2.536
2.196
1.949
1.798
1.749
1.724
1.707
1.712
1.805
2.084
2.659
3.479
3.850
4.019
4.111
4.103
4.104
4.055
3.954
3.726
3.331
3.030
2.924
2.769
2.536
2.196
1.949
1.798
1.749
1.724
1.707
1.712
1.805
2.084
2.659
3.479
3.850
4.019
4.111
4.103
4.104
4.055
3.954
3.726
3.331
3.030
2.924
2.769
2.536
2.196
1.949
1.798
1.749
1.724
1.707
1.712
1.805
2.084
2.659
3.479
3.850
4.019
4.111
4.103
4.104
4.055
3.954
3.726
3.331
3.030
2.924
2.769
2.536
2.196
1.949
1.798
1.749
1.724
1.707
1.712
1.805
2.084
2.659
3.479
3.850
4.019
4.111
4.103
4.104
4.055
3.954
3.726
3.331
3.030
2.924
2.769
2.536
2.196
1.949
1.815
1.750
1.713
1.684
1.681
1.708
1.858
2.150
2.748
3.050
3.190
3.247
3.232
3.221
3.191
3.145
3.039
2.846
2.536
2.440
2.439
2.349
2.164
1.950
1.812
1.746
1.705
1.679
1.673
1.679
1.776
1.955
2.206
2.594
2.873
2.971
3.002
3.016
2.978
2.930
2.763
2.571
2.435
2.388
2.357
2.249
2.058
1.867
1.798
1.749
1.724
1.707
1.712
1.805
2.084
2.659
3.479
3.850
4.019
4.111
4.103
4.104
4.055
3.954
3.726
3.331
3.030
2.924
2.769
2.536
2.196
1.949
1.798
1.749
1.724
1.707
1.712
1.805
2.084
2.659
3.479
3.850
4.019
4.111
4.103
4.104
4.055
3.954
3.726
3.331
3.030
2.924
2.769
2.536
2.196
1.949
1.798
1.749
1.724
1.707
1.712
1.805
2.084
2.659
3.479
3.850
4.019
4.111
4.103
4.104
4.055
3.954
3.726
3.331
3.030
2.924
2.769
2.536
2.196
1.949
1.798
1.749
1.724
1.707
1.712
1.805
2.084
2.659
3.479
3.850
4.019
4.111
4.103
4.104
4.055
3.954
3.726
3.331
3.030
2.924
2.769
2.536
2.196
1.949
1.798
1.749
1.724
1.707
1.712
1.805
2.084
2.659
3.479
3.850
4.019
4.111
4.103
4.104
4.055
3.954
3.726
3.331
3.030
2.924
2.769
2.536
2.196
1.949
1.815
1.750
1.713
1.684
1.681
1.708
1.858
2.150
2.748
3.050
3.190
3.247
3.232
3.221
3.191
3.145
3.039
2.846
2.536
2.440
2.439
2.349
2.164
1.950
1.812
1.746
1.705
1.679
1.673
1.679
1.776
1.955
2.206
2.594
2.873
2.971
3.002
3.016
2.978
2.930
2.763
2.571
2.435
2.388
2.357
2.249
2.058
1.867
2.541
2.559
2.533
2.531
2.575
2.908
3.735
4.769
6.025
6.504
6.610
6.551
6.338
6.065
5.822
5.556
5.096
4.453
4.242
4.289
3.832
3.142
2.799
2.614
2.541
2.559
2.533
2.531
2.575
2.908
3.735
4.769
6.025
6.504
6.610
6.551
6.338
6.065
5.822
5.556
5.096
4.453
4.242
4.289
3.832
3.142
2.799
2.614
2.541
2.559
2.533
2.531
2.575
2.908
3.735
4.769
6.025
6.504
6.610
6.551
6.338
6.065
5.822
5.556
5.096
4.453
4.242
4.289
3.832
3.142
2.799
2.614
2.541
2.559
2.533
2.531
2.575
2.908
3.735
4.769
6.025
6.504
6.610
6.551
6.338
6.065
5.822
5.556
5.096
4.453
4.242
4.289
3.832
3.142
2.799
2.614
2.541
2.559
2.533
2.531
2.575
2.908
3.735
4.769
6.025
6.504
6.610
6.551
6.338
6.065
5.822
5.556
5.096
4.453
4.242
4.289
3.832
3.142
2.799
2.614
2.426
2.369
2.321
2.339
2.364
2.512
2.969
3.183
3.710
4.170
4.332
4.346
4.373
4.305
4.161
4.135
4.008
3.718
3.471
3.517
3.171
2.826
2.683
2.595
2.352
2.300
2.283
2.272
2.254
2.382
2.738
2.725
3.029
3.317
3.548
3.608
3.712
3.717
3.627
3.507
3.188
2.872
2.962
3.060
2.851
2.516
2.380
2.373
2.541
2.559
2.533
2.531
2.575
2.908
3.735
4.769
6.025
6.504
6.610
6.551
6.338
6.065
5.822
5.556
5.096
4.453
4.242
4.289
3.832
3.142
2.799
2.614
2.541
2.559
2.533
2.531
2.575
2.908
3.735
4.769
6.025
6.504
6.610
6.551
6.338
6.065
5.822
5.556
5.096
4.453
4.242
4.289
3.832
3.142
2.799
2.614
2.541
2.559
2.533
2.531
2.575
2.908
3.735
4.769
6.025
6.504
6.610
6.551
6.338
6.065
5.822
5.556
5.096
4.453
4.242
4.289
3.832
3.142
2.799
2.614
2.541
2.559
2.533
2.531
2.575
2.908
3.735
4.769
6.025
6.504
6.610
6.551
6.338
6.065
5.822
5.556
5.096
4.453
4.242
4.289
3.832
3.142
2.799
2.614
2.541
2.559
2.533
2.531
2.575
2.908
3.735
4.769
6.025
6.504
6.610
6.551
6.338
6.065
5.822
5.556
5.096
4.453
4.242
4.289
3.832
3.142
2.799
2.614
2.426
2.369
2.321
2.339
2.364
2.512
2.969
3.183
3.710
4.170
4.332
4.346
4.373
4.305
4.161
4.135
4.008
3.718
3.471
3.517
3.171
2.826
2.683
2.595
2.352
2.300
2.283
2.272
2.254
2.382
2.738
2.725
3.029
3.317
3.548
3.608
3.712
3.717
3.627
3.507
3.188
2.872
2.962
3.060
2.851
2.516
2.380
2.373
2.541
2.559
2.533
2.531
2.575
2.908
3.735
4.769
6.025
6.504
6.610
6.551
6.338
6.065
5.822
5.556
5.096
4.453
4.242
4.289
3.832
3.142
2.799
2.614
2.541
2.559
2.533
2.531
2.575
2.908
3.735
4.769
6.025
6.504
6.610
6.551
6.338
6.065
5.822
5.556
5.096
4.453
4.242
4.289
3.832
3.142
2.799
2.614
2.541
2.559
2.533
2.531
2.575
2.908
3.735
4.769
6.025
6.504
6.610
6.551
6.338
6.065
5.822
5.556
5.096
4.453
4.242
4.289
3.832
3.142
2.799
2.614
2.541
2.559
2.533
2.531
2.575
2.908
3.735
4.769
6.025
6.504
6.610
6.551
6.338
6.065
5.822
5.556
5.096
4.453
4.242
4.289
3.832
3.142
2.799
2.614
2.541
2.559
2.533
2.531
2.575
2.908
3.735
4.769
6.025
6.504
6.610
6.551
6.338
6.065
5.822
5.556
5.096
4.453
4.242
4.289
3.832
3.142
2.799
2.614
2.426
2.369
2.321
2.339
2.364
2.512
2.969
3.183
3.710
4.170
4.332
4.346
4.373
4.305
4.161
4.135
4.008
3.718
3.471
3.517
3.171
2.826
2.683
2.595
2.352
2.300
2.283
2.272
2.254
2.382
2.738
2.725
3.029
3.317
3.548
3.608
3.712
3.717
3.627
3.507
3.188
2.872
2.962
3.060
2.851
2.516
2.380
2.373
2.541
2.559
2.533
2.531
2.575
2.908
3.735
4.769
6.025
6.504
6.610
6.551
6.338
6.065
5.822
5.556
5.096
4.453
4.242
4.289
3.832
3.142
2.799
2.614
2.541
2.559
2.533
2.531
2.575
2.908
3.735
4.769
6.025
6.504
6.610
6.551
6.338
6.065
5.822
5.556
5.096
4.453
4.242
4.289
3.832
3.142
2.799
2.614
2.541
2.559
2.533
2.531
2.575
2.908
3.735
4.769
6.025
6.504
6.610
6.551
6.338
6.065
5.822
5.556
5.096
4.453
4.242
4.289
3.832
3.142
2.799
2.614
2.541
2.559
2.533
2.531
2.575
2.908
3.735
4.769
6.025
6.504
6.610
6.551
6.338
6.065
5.822
5.556
5.096
4.453
4.242
4.289
3.832
3.142
2.799
2.614
2.541
2.559
2.533
2.531
2.575
2.908
3.735
4.769
6.025
6.504
6.610
6.551
6.338
6.065
5.822
5.556
5.096
4.453
4.242
4.289
3.832
3.142
2.799
2.614
2.426
2.369
2.321
2.339
2.364
2.512
2.969
3.183
3.710
4.170
4.332
4.346
4.373
4.305
4.161
4.135
4.008
3.718
3.471
3.517
3.171
2.826
2.683
2.595
2.352
2.300
2.283
2.272
2.254
2.382
2.738
2.725
3.029
3.317
3.548
3.608
3.712
3.717
3.627
3.507
3.188
2.872
2.962
3.060
2.851
2.516
2.380
2.373
2.541
2.559
2.533
2.531
2.575
2.908
3.735
4.769
6.025
6.504
6.610
6.551
6.338
6.065
5.822
5.556
5.096
4.453
4.242
4.289
3.832
3.142
2.799
2.614
2.541
2.559
2.533
2.531
2.575
2.908
3.735
4.769
6.025
6.504
6.610
6.551
6.338
6.065
5.822
5.556
5.096
4.453
4.242
4.289
3.832
3.142
2.799
2.614
2.541
2.559
2.533
2.531
2.575
2.908
3.735
4.769
6.025
6.504
6.610
6.551
6.338
6.065
5.822
5.556
5.096
4.453
4.242
4.289
3.832
3.142
2.799
2.614
2.541
2.559
2.533
2.531
2.575
2.908
3.735
4.769
6.025
6.504
6.610
6.551
6.338
6.065
5.822
5.556
5.096
4.453
4.242
4.289
3.832
3.142
2.799
2.614
2.541
2.559
2.533
2.531
2.575
2.908
3.735
4.769
6.025
6.504
6.610
6.551
6.338
6.065
5.822
5.556
5.096
4.453
4.242
4.289
3.832
3.142
2.799
2.614
2.426
2.369
2.321
2.339
2.364
2.512
2.969
3.183
3.710
4.170
4.332
4.346
4.373
4.305
4.161
4.135
4.008
3.718
3.471
3.517
3.171
2.826
2.683
2.595
2.352
2.300
2.283
2.272
2.254
2.382
2.738
2.725
3.029
3.317
3.548
3.608
3.712
3.717
3.627
3.507
3.188
2.872
2.962
3.060
2.851
2.516
2.380
2.373
2.541
2.559
2.533
2.531
2.575
2.908
3.735
4.769
6.025
6.504
6.610
6.551
6.338
6.065
5.822
5.556
5.096
4.453
4.242
4.289
3.832
3.142
2.799
2.614
2.541
2.559
2.533
2.531
2.575
2.908
3.735
4.769
6.025
6.504
6.610
6.551
6.338
6.065
5.822
5.556
5.096
4.453
4.242
4.289
3.832
3.142
2.799
2.614
2.541
2.559
2.533
2.531
2.575
2.908
3.735
4.769
6.025
6.504
6.610
6.551
6.338
6.065
5.822
5.556
5.096
4.453
4.242
4.289
3.832
3.142
2.799
2.614
2.541
2.559
2.533
2.531
2.575
2.908
3.735
4.769
6.025
6.504
6.610
6.551
6.338
6.065
5.822
5.556
5.096
4.453
4.242
4.289
3.832
3.142
2.799
2.614
2.541
2.559
2.533
2.531
2.575
2.908
3.735
4.769
6.025
6.504
6.610
6.551
6.338
6.065
5.822
5.556
5.096
4.453
4.242
4.289
3.832
3.142
2.799
2.614
2.426
2.369
2.321
2.339
2.364
2.512
2.969
3.183
3.710
4.170
4.332
4.346
4.373
4.305
4.161
4.135
4.008
3.718
3.471
3.517
3.171
2.826
2.683
2.595
2.352
2.300
2.283
2.272
2.254
2.382
2.738
2.725
3.029
3.317
3.548
3.608
3.712
3.717
3.627
3.507
3.188
2.872
2.962
3.060
2.851
2.516
2.380
2.373
2.541
2.559
2.533
2.531
2.575
2.908
3.735
4.769
6.025
6.504
6.610
6.551
6.338
6.065
5.822
5.556
5.096
4.453
4.242
4.289
3.832
3.142
2.799
2.614
2.541
2.559
2.533
2.531
2.575
2.908
3.735
4.769
6.025
6.504
6.610
6.551
6.338
6.065
5.822
5.556
5.096
4.453
4.242
4.289
3.832
3.142
2.799
2.614
2.541
2.559
2.533
2.531
2.575
2.908
3.735
4.769
6.025
6.504
6.610
6.551
6.338
6.065
5.822
5.556
5.096
4.453
4.242
4.289
3.832
3.142
2.799
2.614
2.541
2.559
2.533
2.531
2.575
2.908
3.735
4.769
6.025
6.504
6.610
6.551
6.338
6.065
5.822
5.556
5.096
4.453
4.242
4.289
3.832
3.142
2.799
2.614
2.541
2.559
2.533
2.531
2.575
2.908
3.735
4.769
6.025
6.504
6.610
6.551
6.338
6.065
5.822
5.556
5.096
4.453
4.242
4.289
3.832
3.142
2.799
2.614
2.426
2.369
2.321
2.339
2.364
2.512
2.969
3.183
3.710
4.170
4.332
4.346
4.373
4.305
4.161
4.135
4.008
3.718
3.471
3.517
3.171
2.826
2.683
2.595
2.352
2.300
2.283
2.272
2.254
2.382
2.738
2.725
3.029
3.317
3.548
3.608
3.712
3.717
3.627
3.507
3.188
2.872
2.962
3.060
2.851
2.516
2.380
2.373
2.541
2.559
2.533
2.531
2.575
2.908
3.735
4.769
6.025
6.504
6.610
6.551
6.338
6.065
5.822
5.556
5.096
4.453
4.242
4.289
3.832
3.142
2.799
2.614
2.541
2.559
2.533
2.531
2.575
2.908
3.735
4.769
6.025
6.504
6.610
6.551
6.338
6.065
5.822
5.556
5.096
4.453
4.242
4.289
3.832
3.142
2.799
2.614
2.541
2.559
2.533
2.531
2.575
2.908
3.735
4.769
6.025
6.504
6.610
6.551
6.338
6.065
5.822
5.556
5.096
4.453
4.242
4.289
3.832
3.142
2.799
2.614
2.541
2.559
2.533
2.531
2.575
2.908
3.735
4.769
6.025
6.504
6.610
6.551
6.338
6.065
5.822
5.556
5.096
4.453
4.242
4.289
3.832
3.142
2.799
2.614
2.541
2.559
2.533
2.531
2.575
2.908
3.735
4.769
6.025
6.504
6.610
6.551
6.338
6.065
5.822
5.556
5.096
4.453
4.242
4.289
3.832
3.142
2.799
2.614
2.426
2.369
2.321
2.339
2.364
2.512
2.969
3.183
3.710
4.170
4.332
4.346
4.373
4.305
4.161
4.135
4.008
3.718
3.471
3.517
3.171
2.826
2.683
2.595
2.352
2.300
2.283
2.272
2.254
2.382
2.738
2.725
3.029
3.317
3.548
3.608
3.712
3.717
3.627
3.507
3.188
2.872
2.962
3.060
2.851
2.516
2.380
2.373
2.541
2.559
2.533
2.531
2.575
2.908
3.735
4.769
6.025
6.504
6.610
6.551
6.338
6.065
5.822
5.556
5.096
4.453
4.242
4.289
3.832
3.142
2.799
2.614
2.541
2.559
2.533
2.531
2.575
2.908
3.735
4.769
6.025
6.504
6.610
6.551
6.338
6.065
5.822
5.556
5.096
4.453
4.242
4.289
3.832
3.142
2.799
2.614
2.541
2.559
2.533
2.531
2.575
2.908
3.735
4.769
6.025
6.504
6.610
6.551
6.338
6.065
5.822
5.556
5.096
4.453
4.242
4.289
3.832
3.142
2.799
2.614
2.541
2.559
2.533
2.531
2.575
2.908
3.735
4.769
6.025
6.504
6.610
6.551
6.338
6.065
5.822
5.556
5.096
4.453
4.242
4.289
3.832
3.142
2.799
2.614
2.541
2.559
2.533
2.531
2.575
2.908
3.735
4.769
6.025
6.504
6.610
6.551
6.338
6.065
5.822
5.556
5.096
4.453
4.242
4.289
3.832
3.142
2.799
2.614
2.426
2.369
2.321
2.339
2.364
2.512
2.969
3.183
3.710
4.170
4.332
4.346
4.373
4.305
4.161
4.135
4.008
3.718
3.471
3.517
3.171
2.826
2.683
2.595
2.352
2.300
2.283
2.272
2.254
2.382
2.738
2.725
3.029
3.317
3.548
3.608
3.712
3.717
3.627
3.507
3.188
2.872
2.962
3.060
2.851
2.516
2.380
2.373
2.541
2.559
2.533
2.531
2.575
2.908
3.735
4.769
6.025
6.504
6.610
6.551
6.338
6.065
5.822
5.556
5.096
4.453
4.242
4.289
3.832
3.142
2.799
2.614
2.541
2.559
2.533
2.531
2.575
2.908
3.735
4.769
6.025
6.504
6.610
6.551
6.338
6.065
5.822
5.556
5.096
4.453
4.242
4.289
3.832
3.142
2.799
2.614
2.541
2.559
2.533
2.531
2.575
2.908
3.735
4.769
6.025
6.504
6.610
6.551
6.338
6.065
5.822
5.556
5.096
4.453
4.242
4.289
3.832
3.142
2.799
2.614
2.541
2.559
2.533
2.531
2.575
2.908
3.735
4.769
6.025
6.504
6.610
6.551
6.338
6.065
5.822
5.556
5.096
4.453
4.242
4.289
3.832
3.142
2.799
2.614
2.541
2.559
2.533
2.531
2.575
2.908
3.735
4.769
6.025
6.504
6.610
6.551
6.338
6.065
5.822
5.556
5.096
4.453
4.242
4.289
3.832
3.142
2.799
2.614
2.426
2.369
2.321
2.339
2.364
2.512
2.969
3.183
3.710
4.170
4.332
4.346
4.373
4.305
4.161
4.135
4.008
3.718
3.471
3.517
3.171
2.826
2.683
2.595
2.352
2.300
2.283
2.272
2.254
2.382
2.738
2.725
3.029
3.317
3.548
3.608
3.712
3.717
3.627
3.507
3.188
2.872
2.962
3.060
2.851
2.516
2.380
2.373
2.541
2.559
2.533
2.531
2.575
2.908
3.735
4.769
6.025
6.504
6.610
6.551
6.338
6.065
5.822
5.556
5.096
4.453
4.242
4.289
3.832
3.142
2.799
2.614
2.541
2.559
2.533
2.531
2.575
2.908
3.735
4.769
6.025
6.504
6.610
6.551
6.338
6.065
5.822
5.556
5.096
4.453
4.242
4.289
3.832
3.142
2.799
2.614
2.541
2.559
2.533
2.531
2.575
2.908
3.735
4.769
6.025
6.504
6.610
6.551
6.338
6.065
5.822
5.556
5.096
4.453
4.242
4.289
3.832
3.142
2.799
2.614
2.541
2.559
2.533
2.531
2.575
2.908
3.735
4.769
6.025
6.504
6.610
6.551
6.338
6.065
5.822
5.556
5.096
4.453
4.242
4.289
3.832
3.142
2.799
2.614
2.541
2.559
2.533
2.531
2.575
2.908
3.735
4.769
6.025
6.504
6.610
6.551
6.338
6.065
5.822
5.556
5.096
4.453
4.242
4.289
3.832
3.142
2.799
2.614
2.426
2.369
2.321
2.339
2.364
2.512
2.969
3.183
3.710
4.170
4.332
4.346
4.373
4.305
4.161
4.135
4.008
3.718
3.471
3.517
3.171
2.826
2.683
2.595
2.352
2.300
2.283
2.272
2.254
2.382
2.738
2.725
3.029
3.317
3.548
3.608
3.712
3.717
3.627
3.507
3.188
2.872
2.962
3.060
2.851
2.516
2.380
2.380
2.614
2.541
2.559
2.533
2.531
2.575
2.908
3.735
4.769
6.025
6.504
6.610
6.551
6.338
6.065
5.822
5.556
5.096
4.453
4.242
4.289
3.832
3.142
2.799
2.614
2.541
2.559
2.533
2.531
2.575
2.908
3.735
4.769
6.025
6.504
6.610
6.551
6.338
6.065
5.822
5.556
5.096
4.453
4.242
4.289
3.832
3.142
2.799
2.614
2.541
2.559
2.533
2.531
2.575
2.908
3.735
4.769
6.025
6.504
6.610
6.551
6.338
6.065
5.822
5.556
5.096
4.453
4.242
4.289
3.832
3.142
2.799
2.614
2.541
2.559
2.533
2.531
2.575
2.908
3.735
4.769
6.025
6.504
6.610
6.551
6.338
6.065
5.822
5.556
5.096
4.453
4.242
4.289
3.832
3.142
2.799
2.614
2.541
2.559
2.533
2.531
2.575
2.908
3.735
4.769
6.025
6.504
6.610
6.551
6.338
6.065
5.822
5.556
5.096
4.453
4.242
4.289
3.832
3.142
2.799
3.684
3.642
3.530
3.479
3.416
3.416
3.661
4.165
4.584
5.293
5.864
6.047
6.029
5.946
5.725
5.545
5.513
5.550
5.278
4.952
4.652
4.225
3.841
3.733
3.464
3.557
3.458
3.401
3.311
3.295
3.508
3.900
4.074
4.361
4.835
5.091
5.295
5.345
5.210
5.120
4.970
4.816
4.589
4.359
4.156
3.850
3.486
3.526
3.684
3.783
3.748
3.699
3.630
3.752
4.193
5.126
6.480
8.105
8.852
8.983
8.885
8.624
8.265
7.955
7.615
7.196
6.425
5.969
5.606
4.945
4.177
3.848
3.684
3.783
3.748
3.699
3.630
3.752
4.193
5.126
6.480
8.105
8.852
8.983
8.885
8.624
8.265
7.955
7.615
7.196
6.425
5.969
5.606
4.945
4.177
3.848
3.684
3.783
3.748
3.699
3.630
3.752
4.193
5.126
6.480
8.105
8.852
8.983
8.885
8.624
8.265
7.955
7.615
7.196
6.425
5.969
5.606
4.945
4.177
3.848
3.684
3.783
3.748
3.699
3.630
3.752
4.193
5.126
6.480
8.105
8.852
8.983
8.885
8.624
8.265
7.955
7.615
7.196
6.425
5.969
5.606
4.945
4.177
3.848
3.684
3.783
3.748
3.699
3.630
3.752
4.193
5.126
6.480
8.105
8.852
8.983
8.885
8.624
8.265
7.955
7.615
7.196
6.425
5.969
5.606
4.945
4.177
3.848
3.684
3.642
3.530
3.479
3.416
3.416
3.661
4.165
4.584
5.293
5.864
6.047
6.029
5.946
5.725
5.545
5.513
5.550
5.278
4.952
4.652
4.225
3.841
3.733
3.464
3.557
3.458
3.401
3.311
3.295
3.508
3.900
4.074
4.361
4.835
5.091
5.295
5.345
5.210
5.120
4.970
4.816
4.589
4.359
4.156
3.850
3.486
3.526
3.684
3.783
3.748
3.699
3.630
3.752
4.193
5.126
6.480
8.105
8.852
8.983
8.885
8.624
8.265
7.955
7.615
7.196
6.425
5.969
5.606
4.945
4.177
3.848
3.684
3.783
3.748
3.699
3.630
3.752
4.193
5.126
6.480
8.105
8.852
8.983
8.885
8.624
8.265
7.955
7.615
7.196
6.425
5.969
5.606
4.945
4.177
3.848
3.684
3.783
3.748
3.699
3.630
3.752
4.193
5.126
6.480
8.105
8.852
8.983
8.885
8.624
8.265
7.955
7.615
7.196
6.425
5.969
5.606
4.945
4.177
3.848
3.684
3.783
3.748
3.699
3.630
3.752
4.193
5.126
6.480
8.105
8.852
8.983
8.885
8.624
8.265
7.955
7.615
7.196
6.425
5.969
5.606
4.945
4.177
3.848
3.684
3.783
3.748
3.699
3.630
3.752
4.193
5.126
6.480
8.105
8.852
8.983
8.885
8.624
8.265
7.955
7.615
7.196
6.425
5.969
5.606
4.945
4.177
3.848
3.684
3.642
3.530
3.479
3.416
3.416
3.661
4.165
4.584
5.293
5.864
6.047
6.029
5.946
5.725
5.545
5.513
5.550
5.278
4.952
4.652
4.225
3.841
3.733
3.464
3.557
3.458
3.401
3.311
3.295
3.508
3.900
4.074
4.361
4.835
5.091
5.295
5.345
5.210
5.120
4.970
4.816
4.589
4.359
4.156
3.850
3.486
3.526
3.684
3.783
3.748
3.699
3.630
3.752
4.193
5.126
6.480
8.105
8.852
8.983
8.885
8.624
8.265
7.955
7.615
7.196
6.425
5.969
5.606
4.945
4.177
3.848
3.684
3.783
3.748
3.699
3.630
3.752
4.193
5.126
6.480
8.105
8.852
8.983
8.885
8.624
8.265
7.955
7.615
7.196
6.425
5.969
5.606
4.945
4.177
3.848
3.684
3.783
3.748
3.699
3.630
3.752
4.193
5.126
6.480
8.105
8.852
8.983
8.885
8.624
8.265
7.955
7.615
7.196
6.425
5.969
5.606
4.945
4.177
3.848
3.684
3.783
3.748
3.699
3.630
3.752
4.193
5.126
6.480
8.105
8.852
8.983
8.885
8.624
8.265
7.955
7.615
7.196
6.425
5.969
5.606
4.945
4.177
3.848
3.684
3.783
3.748
3.699
3.630
3.752
4.193
5.126
6.480
8.105
8.852
8.983
8.885
8.624
8.265
7.955
7.615
7.196
6.425
5.969
5.606
4.945
4.177
3.848
3.684
3.642
3.530
3.479
3.416
3.416
3.661
4.165
4.584
5.293
5.864
6.047
6.029
5.946
5.725
5.545
5.513
5.550
5.278
4.952
4.652
4.225
3.841
3.733
3.464
3.557
3.458
3.401
3.311
3.295
3.508
3.900
4.074
4.361
4.835
5.091
5.295
5.345
5.210
5.120
4.970
4.816
4.589
4.359
4.156
3.850
3.486
3.526
3.684
3.783
3.748
3.699
3.630
3.752
4.193
5.126
6.480
8.105
8.852
8.983
8.885
8.624
8.265
7.955
7.615
7.196
6.425
5.969
5.606
4.945
4.177
3.848
3.684
3.783
3.748
3.699
3.630
3.752
4.193
5.126
6.480
8.105
8.852
8.983
8.885
8.624
8.265
7.955
7.615
7.196
6.425
5.969
5.606
4.945
4.177
3.848
3.684
3.783
3.748
3.699
3.630
3.752
4.193
5.126
6.480
8.105
8.852
8.983
8.885
8.624
8.265
7.955
7.615
7.196
6.425
5.969
5.606
4.945
4.177
3.848
3.684
3.783
3.748
3.699
3.630
3.752
4.193
5.126
6.480
8.105
8.852
8.983
8.885
8.624
8.265
7.955
7.615
7.196
6.425
5.969
5.606
4.945
4.177
3.848
3.684
3.783
3.748
3.699
3.630
3.752
4.193
5.126
6.480
8.105
8.852
8.983
8.885
8.624
8.265
7.955
7.615
7.196
6.425
5.969
5.606
4.945
4.177
3.848
3.684
3.642
3.530
3.479
3.416
3.416
3.661
4.165
4.584
5.293
5.864
6.047
6.029
5.946
5.725
5.545
5.513
5.550
5.278
4.952
4.652
4.225
3.841
3.733
3.464
3.557
3.458
3.401
3.311
3.295
3.508
3.900
4.074
4.361
4.835
5.091
5.295
5.345
5.210
5.120
4.970
4.816
4.589
4.359
4.156
3.850
3.486
3.526
3.684
3.783
3.748
3.699
3.630
3.752
4.193
5.126
6.480
8.105
8.852
8.983
8.885
8.624
8.265
7.955
7.615
7.196
6.425
5.969
5.606
4.945
4.177
3.848
3.684
3.783
3.748
3.699
3.630
3.752
4.193
5.126
6.480
8.105
8.852
8.983
8.885
8.624
8.265
7.955
7.615
7.196
6.425
5.969
5.606
4.945
4.177
3.848
3.684
3.783
3.748
3.699
3.630
3.752
4.193
5.126
6.480
8.105
8.852
8.983
8.885
8.624
8.265
7.955
7.615
7.196
6.425
5.969
5.606
4.945
4.177
3.848
3.684
3.783
3.748
3.699
3.630
3.752
4.193
5.126
6.480
8.105
8.852
8.983
8.885
8.624
8.265
7.955
7.615
7.196
6.425
5.969
5.606
4.945
4.177
3.848
3.684
3.783
3.748
3.699
3.630
3.752
4.193
5.126
6.480
8.105
8.852
8.983
8.885
8.624
8.265
7.955
7.615
7.196
6.425
5.969
5.606
4.945
4.177
3.848
3.684
3.642
3.530
3.479
3.416
3.416
3.661
4.165
4.584
5.293
5.864
6.047
6.029
5.946
5.725
5.545
5.513
5.550
5.278
4.952
4.652
4.225
3.841
3.733
3.464
3.557
3.458
3.401
3.311
3.295
3.508
3.900
4.074
4.361
4.835
5.091
5.295
5.345
5.210
5.120
4.970
4.816
4.589
4.359
4.156
3.850
3.486
3.526
3.684
3.783
3.748
3.699
3.630
3.752
4.193
5.126
6.480
8.105
8.852
8.983
8.885
8.624
8.265
7.955
7.615
7.196
6.425
5.969
5.606
4.945
4.177
3.848
3.684
3.783
3.748
3.699
3.630
3.752
4.193
5.126
6.480
8.105
8.852
8.983
8.885
8.624
8.265
7.955
7.615
7.196
6.425
5.969
5.606
4.945
4.177
3.848
3.684
3.783
3.748
3.699
3.630
3.752
4.193
5.126
6.480
8.105
8.852
8.983
8.885
8.624
8.265
7.955
7.615
7.196
6.425
5.969
5.606
4.945
4.177
3.848
3.684
3.783
3.748
3.699
3.630
3.752
4.193
5.126
6.480
8.105
8.852
8.983
8.885
8.624
8.265
7.955
7.615
7.196
6.425
5.969
5.606
4.945
4.177
3.848
3.684
3.783
3.748
3.699
3.630
3.752
4.193
5.126
6.480
8.105
8.852
8.983
8.885
8.624
8.265
7.955
7.615
7.196
6.425
5.969
5.606
4.945
4.177
3.848
3.684
3.642
3.530
3.479
3.416
3.416
3.661
4.165
4.584
5.293
5.864
6.047
6.029
5.946
5.725
5.545
5.513
5.550
5.278
4.952
4.652
4.225
3.841
3.733
3.464
3.557
3.458
3.401
3.311
3.295
3.508
3.900
4.074
4.361
4.835
5.091
5.295
5.345
5.210
5.120
4.970
4.816
4.589
4.359
4.156
3.850
3.486
3.526
3.684
3.783
3.748
3.699
3.630
3.752
4.193
5.126
6.480
8.105
8.852
8.983
8.885
8.624
8.265
7.955
7.615
7.196
6.425
5.969
5.606
4.945
4.177
3.848
3.684
3.783
3.748
3.699
3.630
3.752
4.193
5.126
6.480
8.105
8.852
8.983
8.885
8.624
8.265
7.955
7.615
7.196
6.425
5.969
5.606
4.945
4.177
3.848
3.684
3.783
3.748
3.699
3.630
3.752
4.193
5.126
6.480
8.105
8.852
8.983
8.885
8.624
8.265
7.955
7.615
7.196
6.425
5.969
5.606
4.945
4.177
3.848
3.684
3.783
3.748
3.699
3.630
3.752
4.193
5.126
6.480
8.105
8.852
8.983
8.885
8.624
8.265
7.955
7.615
7.196
6.425
5.969
5.606
4.945
4.177
3.848
3.684
3.783
3.748
3.699
3.630
3.752
4.193
5.126
6.480
8.105
8.852
8.983
8.885
8.624
8.265
7.955
7.615
7.196
6.425
5.969
5.606
4.945
4.177
3.848
3.684
3.642
3.530
3.479
3.416
3.416
3.661
4.165
4.584
5.293
5.864
6.047
6.029
5.946
5.725
5.545
5.513
5.550
5.278
4.952
4.652
4.225
3.841
3.733
3.464
3.557
3.458
3.401
3.311
3.295
3.508
3.900
4.074
4.361
4.835
5.091
5.295
5.345
5.210
5.120
4.970
4.816
4.589
4.359
4.156
3.850
3.486
3.526
3.684
3.783
3.748
3.699
3.630
3.752
4.193
5.126
6.480
8.105
8.852
8.983
8.885
8.624
8.265
7.955
7.615
7.196
6.425
5.969
5.606
4.945
4.177
3.848
3.684
3.783
3.748
3.699
3.630
3.752
4.193
5.126
6.480
8.105
8.852
8.983
8.885
8.624
8.265
7.955
7.615
7.196
6.425
5.969
5.606
4.945
4.177
3.848
3.684
3.783
3.748
3.699
3.630
3.752
4.193
5.126
6.480
8.105
8.852
8.983
8.885
8.624
8.265
7.955
7.615
7.196
6.425
5.969
5.606
4.945
4.177
3.848
3.684
3.783
3.748
3.699
3.630
3.752
4.193
5.126
6.480
8.105
8.852
8.983
8.885
8.624
8.265
7.955
7.615
7.196
6.425
5.969
5.606
4.945
4.177
3.848
3.684
3.783
3.748
3.699
3.630
3.752
4.193
5.126
6.480
8.105
8.852
8.983
8.885
8.624
8.265
7.955
7.615
7.196
6.425
5.969
5.606
4.945
4.177
3.848
3.684
3.642
3.530
3.479
3.416
3.416
3.661
4.165
4.584
5.293
5.864
6.047
6.029
5.946
5.725
5.545
5.513
5.550
5.278
4.952
4.652
4.225
3.841
3.733
3.464
3.557
3.458
3.401
3.311
3.295
3.508
3.900
4.074
4.361
4.835
5.091
5.295
5.345
5.210
5.120
4.970
4.816
4.589
4.359
4.156
3.850
3.486
3.526
3.684
3.783
3.748
3.699
3.630
3.752
4.193
5.126
6.480
8.105
8.852
8.983
8.885
8.624
8.265
7.955
7.615
7.196
6.425
5.969
5.606
4.945
4.177
3.848
3.684
3.783
3.748
3.699
3.630
3.752
4.193
5.126
6.480
8.105
8.852
8.983
8.885
8.624
8.265
7.955
7.615
7.196
6.425
5.969
5.606
4.945
4.177
3.848
3.684
3.783
3.748
3.699
3.630
3.752
4.193
5.126
6.480
8.105
8.852
8.983
8.885
8.624
8.265
7.955
7.615
7.196
6.425
5.969
5.606
4.945
4.177
3.848
3.684
3.783
3.748
3.699
3.630
3.752
4.193
5.126
6.480
8.105
8.852
8.983
8.885
8.624
8.265
7.955
7.615
7.196
6.425
5.969
5.606
4.945
4.177
3.848
