0.000
0.000
0.000
0.000
0.000
0.000
0.000
0.000
2.501
16.051
35.437
43.566
50.654
42.107
24.806
6.670
0.000
0.000
0.000
0.000
0.000
0.000
0.000
0.000
0.000
0.000
0.000
0.000
0.000
0.000
0.000
0.000
3.961
76.919
262.649
387.720
427.325
373.128
252.226
75.876
11.256
0.000
0.000
0.000
0.000
0.000
0.000
0.000
0.000
0.000
0.000
0.000
0.000
0.000
0.000
0.000
0.000
9.589
34.394
69.623
96.096
101.933
86.299
37.313
15.634
0.000
0.000
0.000
0.000
0.000
0.000
0.000
0.000
0.000
0.000
0.000
0.000
0.000
0.000
0.000
4.794
63.786
169.888
248.057
245.973
220.958
116.733
30.642
13.549
0.000
0.000
0.000
0.000
0.000
0.000
0.000
0.000
0.000
0.000
0.000
0.000
0.000
0.000
0.000
4.586
33.561
94.012
137.369
158.006
127.572
73.375
24.597
0.000
0.000
0.000
0.000
0.000
0.000
0.000
0.000
0.000
0.000
0.000
0.000
0.000
0.000
0.000
0.000
6.045
24.806
62.952
133.826
229.297
289.747
223.043
101.516
8.547
0.000
0.000
0.000
0.000
0.000
0.000
0.000
0.000
0.000
0.000
0.000
0.000
0.000
0.000
0.000
12.507
57.949
78.378
96.930
92.761
75.043
44.817
15.634
0.000
0.000
0.000
0.000
0.000
0.000
0.000
0.000
0.000
0.000
0.000
0.000
0.000
0.000
0.000
0.000
0.000
10.631
60.242
197.195
316.846
331.438
268.902
89.426
8.755
0.000
0.000
0.000
0.000
0.000
0.000
0.000
0.000
0.000
0.000
0.000
0.000
0.000
0.000
0.000
9.380
70.040
201.572
281.409
254.311
180.519
59.826
14.383
0.000
0.000
0.000
0.000
0.000
0.000
0.000
0.000
0.000
0.000
0.000
0.000
0.000
0.000
0.000
0.000
5.003
40.648
129.448
202.198
270.987
266.818
197.820
67.538
6.879
0.000
0.000
0.000
0.000
0.000
0.000
0.000
0.000
0.000
0.000
0.000
0.000
0.000
0.000
0.000
11.256
113.814
227.212
273.071
258.480
177.601
89.843
30.851
17.093
0.000
0.000
0.000
0.000
0.000
0.000
0.000
0.000
0.000
0.000
0.000
0.000
0.000
0.000
0.000
11.673
26.890
64.411
95.054
103.183
91.093
57.324
21.887
3.752
0.000
0.000
0.000
0.000
0.000
0.000
0.000
0.000
0.000
0.000
0.000
0.000
0.000
0.000
0.000
5.211
104.643
243.888
239.719
196.987
206.575
167.803
94.012
5.211
0.000
0.000
0.000
0.000
0.000
0.000
0.000
0.000
0.000
0.000
0.000
0.000
0.000
0.000
0.000
7.504
128.615
304.339
446.086
441.917
308.508
161.133
42.316
10.006
0.000
0.000
0.000
0.000
0.000
0.000
0.000
0.000
0.000
0.000
0.000
0.000
0.000
0.000
0.000
3.752
71.916
179.894
273.071
312.677
310.593
250.142
111.521
8.755
0.000
0.000
0.000
0.000
0.000
0.000
0.000
0.000
0.000
0.000
0.000
0.000
0.000
0.000
0.000
5.837
64.411
173.015
241.804
333.522
339.776
237.635
117.150
12.507
0.000
0.000
0.000
0.000
0.000
0.000
0.000
0.000
0.000
0.000
0.000
0.000
0.000
0.000
0.000
17.718
89.426
198.237
308.508
360.621
358.536
235.550
91.510
6.254
0.000
0.000
0.000
0.000
0.000
0.000
0.000
0.000
0.000
0.000
0.000
0.000
0.000
0.000
0.000
5.837
94.428
210.536
296.001
350.198
333.522
243.888
130.699
17.510
0.000
0.000
0.000
0.000
0.000
0.000
0.000
0.000
0.000
0.000
0.000
0.000
0.000
0.000
0.000
12.090
112.564
264.733
377.297
435.663
321.015
210.536
109.229
13.549
0.000
0.000
0.000
0.000
0.000
0.000
0.000
0.000
0.000
0.000
0.000
0.000
0.000
0.000
0.000
14.592
109.645
210.536
283.494
300.170
258.480
191.984
74.626
10.839
0.000
0.000
0.000
0.000
0.000
0.000
0.000
0.000
0.000
0.000
0.000
0.000
0.000
0.000
0.000
6.045
26.265
65.662
109.437
116.316
96.305
72.958
35.854
7.713
0.000
0.000
0.000
0.000
0.000
0.000
0.000
0.000
0.000
0.000
0.000
0.000
0.000
0.000
0.000
10.839
66.496
145.082
225.128
270.987
245.973
178.226
91.093
14.800
0.000
0.000
0.000
0.000
0.000
0.000
0.000
0.000
0.000
0.000
0.000
0.000
0.000
0.000
0.000
22.930
124.029
270.987
385.635
375.213
327.269
200.947
79.837
9.380
0.000
0.000
0.000
0.000
0.000
0.000
0.000
0.000
0.000
0.000
0.000
0.000
0.000
0.000
0.000
28.349
193.026
375.213
477.354
510.706
469.016
362.705
181.144
29.600
0.000
0.000
0.000
0.000
0.000
0.000
0.000
0.000
0.000
0.000
0.000
0.000
0.000
0.000
0.000
11.673
86.924
173.223
233.466
254.311
199.488
141.122
69.831
10.631
0.000
0.000
0.000
0.000
0.000
0.000
0.000
0.000
0.000
0.000
0.000
0.000
0.000
0.000
0.000
8.547
111.521
210.536
262.649
250.142
200.530
139.454
79.212
19.178
0.000
0.000
0.000
0.000
0.000
0.000
0.000
0.000
0.000
0.000
0.000
0.000
0.000
0.000
0.000
11.048
74.417
167.803
235.550
252.226
199.696
127.781
57.741
10.839
0.000
0.000
0.000
0.000
0.000
0.000
0.000
0.000
0.000
0.000
0.000
0.000
0.000
0.000
0.000
4.377
33.561
85.048
170.096
258.480
308.508
293.916
156.130
24.806
0.000
0.000
0.000
0.000
0.000
0.000
0.000
0.000
0.000
0.000
0.000
0.000
0.000
0.000
0.000
28.558
137.161
239.719
289.747
262.649
212.620
153.003
92.969
24.389
0.000
0.000
0.000
0.000
0.000
0.000
0.000
0.000
0.000
0.000
0.000
0.000
0.000
0.000
0.000
21.679
117.358
275.156
377.297
431.494
366.874
287.663
174.891
40.023
0.000
0.000
0.000
0.000
0.000
0.000
0.000
0.000
0.000
0.000
0.000
0.000
0.000
0.000
0.000
12.507
65.662
144.040
218.874
237.635
212.620
172.389
107.769
32.102
0.000
0.000
0.000
0.000
0.000
0.000
0.000
0.000
0.000
0.000
0.000
0.000
0.000
0.000
0.000
16.676
109.020
262.649
346.029
350.198
346.029
289.747
190.108
46.068
0.000
0.000
0.000
0.000
0.000
0.000
0.000
0.000
0.000
0.000
0.000
0.000
0.000
0.000
0.000
49.820
160.091
235.550
281.409
318.931
306.424
237.635
144.248
35.854
0.000
0.000
0.000
0.000
0.000
0.000
0.000
0.000
0.000
0.000
0.000
0.000
0.000
0.000
0.000
19.386
110.271
252.226
387.720
427.325
431.494
337.691
212.620
66.288
0.000
0.000
0.000
0.000
0.000
0.000
0.000
0.000
0.000
0.000
0.000
0.000
0.000
0.000
0.000
36.687
175.516
323.100
452.340
487.776
464.847
323.100
205.742
63.578
0.000
0.000
0.000
0.000
0.000
0.000
0.000
0.000
0.000
0.000
0.000
0.000
0.000
0.000
0.000
16.259
79.628
148.626
216.789
237.635
218.874
176.975
107.352
33.769
0.000
0.000
0.000
0.000
0.000
0.000
0.000
0.000
0.000
0.000
0.000
0.000
0.000
0.000
0.000
44.609
205.533
408.565
537.805
592.002
554.481
481.523
314.762
105.268
20.428
0.000
0.000
0.000
0.000
0.000
0.000
0.000
0.000
0.000
0.000
0.000
0.000
0.000
0.000
37.730
122.986
205.116
273.071
256.395
237.635
181.770
114.231
39.189
7.504
0.000
0.000
0.000
0.000
0.000
0.000
0.000
0.000
0.000
0.000
0.000
0.000
0.000
0.000
62.952
237.635
446.086
573.241
623.270
596.171
498.199
314.762
110.896
16.051
0.000
0.000
0.000
0.000
0.000
0.000
0.000
0.000
0.000
0.000
0.000
0.000
0.000
0.000
46.902
190.733
350.198
464.847
571.157
589.917
489.861
318.931
119.651
17.301
0.000
0.000
0.000
0.000
0.000
0.000
0.000
0.000
0.000
0.000
0.000
0.000
0.000
0.000
21.262
67.538
127.155
172.389
188.649
190.941
161.133
101.933
32.102
0.000
0.000
0.000
0.000
0.000
0.000
0.000
0.000
0.000
0.000
0.000
0.000
0.000
0.000
0.000
5.420
26.890
46.485
67.538
78.169
74.209
59.617
36.687
13.341
0.000
0.000
0.000
0.000
0.000
0.000
0.000
0.000
0.000
0.000
0.000
0.000
0.000
0.000
0.000
13.966
60.868
116.316
161.967
186.564
156.547
143.206
84.840
28.141
12.090
0.000
0.000
0.000
0.000
0.000
0.000
0.000
0.000
0.000
0.000
0.000
0.000
0.000
0.000
22.096
57.949
102.975
134.034
156.130
168.220
121.736
72.958
35.854
22.513
0.000
0.000
0.000
0.000
0.000
0.000
0.000
0.000
0.000
0.000
0.000
0.000
0.000
0.000
31.268
96.721
159.882
197.403
233.466
220.958
181.144
114.440
45.026
15.842
0.000
0.000
0.000
0.000
0.000
0.000
0.000
0.000
0.000
0.000
0.000
0.000
0.000
9.380
44.192
131.533
229.297
266.818
285.578
308.508
250.142
158.423
58.575
17.718
0.000
0.000
0.000
0.000
0.000
0.000
0.000
0.000
0.000
0.000
0.000
0.000
0.000
8.338
23.347
63.995
115.691
171.139
192.192
181.353
144.874
118.817
72.333
18.761
0.000
0.000
0.000
0.000
0.000
0.000
0.000
0.000
0.000
0.000
0.000
0.000
0.000
18.344
148.834
371.043
579.495
685.805
721.242
648.284
510.706
341.860
160.508
10.423
0.000
0.000
0.000
0.000
0.000
0.000
0.000
0.000
0.000
0.000
0.000
0.000
0.000
11.256
119.026
279.325
462.762
548.227
550.312
502.368
393.973
268.902
111.521
7.921
0.000
0.000
0.000
0.000
0.000
0.000
0.000
0.000
0.000
0.000
0.000
0.000
0.000
12.299
67.538
120.068
136.119
160.924
161.341
126.322
125.071
106.727
47.318
5.837
0.000
0.000
0.000
0.000
0.000
0.000
0.000
0.000
0.000
0.000
0.000
0.000
0.000
12.090
84.840
199.905
248.057
281.409
310.593
275.156
220.958
175.308
97.764
15.634
0.000
0.000
0.000
0.000
0.000
0.000
0.000
0.000
0.000
0.000
0.000
0.000
0.000
9.797
114.440
318.931
483.607
560.734
548.227
512.790
456.509
310.593
162.384
19.803
0.000
0.000
0.000
0.000
0.000
0.000
0.000
0.000
0.000
0.000
0.000
0.000
0.000
19.386
131.116
205.533
218.874
233.466
155.922
96.305
63.995
40.440
19.594
5.211
0.000
0.000
0.000
0.000
0.000
0.000
0.000
0.000
0.000
0.000
0.000
0.000
0.000
13.341
131.741
323.100
477.354
533.636
548.227
494.030
427.325
310.593
163.843
17.093
0.000
0.000
0.000
0.000
0.000
0.000
0.000
0.000
0.000
0.000
0.000
0.000
0.000
16.885
131.950
325.184
479.438
581.579
562.819
525.298
456.509
318.931
164.260
19.178
0.000
0.000
0.000
0.000
0.000
0.000
0.000
0.000
0.000
0.000
0.000
0.000
0.000
10.006
71.916
201.989
321.015
396.058
406.480
383.551
302.255
181.978
68.789
11.256
0.000
0.000
0.000
0.000
0.000
0.000
0.000
0.000
0.000
0.000
0.000
0.000
0.000
7.087
31.893
61.493
111.313
202.198
233.466
268.902
321.015
296.001
176.350
35.228
0.000
0.000
0.000
0.000
0.000
0.000
0.000
0.000
0.000
0.000
0.000
0.000
0.000
32.310
216.789
448.170
625.354
727.495
723.326
617.016
487.776
325.184
145.916
26.473
0.000
0.000
0.000
0.000
0.000
0.000
0.000
0.000
0.000
0.000
0.000
0.000
0.000
8.338
39.814
104.851
185.730
227.212
205.116
186.147
135.910
85.048
37.521
8.130
0.000
0.000
0.000
0.000
0.000
0.000
0.000
0.000
0.000
0.000
0.000
0.000
0.000
28.558
181.978
389.804
552.396
594.086
602.425
494.030
352.283
220.958
122.361
26.056
0.000
0.000
0.000
0.000
0.000
0.000
0.000
0.000
0.000
0.000
0.000
0.000
0.000
30.642
140.705
339.776
516.959
629.523
694.143
685.805
583.664
473.185
258.480
50.445
0.000
0.000
0.000
0.000
0.000
0.000
0.000
0.000
0.000
0.000
0.000
0.000
0.000
21.679
159.048
379.382
587.833
656.622
714.988
708.735
606.594
446.086
260.564
69.831
0.000
0.000
0.000
0.000
0.000
0.000
0.000
0.000
0.000
0.000
0.000
0.000
0.000
51.487
243.888
464.847
667.044
760.848
769.186
737.918
631.608
471.100
268.902
66.704
0.000
0.000
0.000
0.000
0.000
0.000
0.000
0.000
0.000
0.000
0.000
0.000
0.000
52.113
181.770
348.114
452.340
500.283
466.931
418.987
327.269
214.705
103.392
31.685
0.000
0.000
0.000
0.000
0.000
0.000
0.000
0.000
0.000
0.000
0.000
0.000
0.000
27.099
116.524
298.085
512.790
694.143
756.679
752.510
658.706
481.523
287.663
61.910
0.000
0.000
0.000
0.000
0.000
0.000
0.000
0.000
0.000
0.000
0.000
0.000
0.000
26.682
136.327
289.747
469.016
627.439
706.650
748.341
658.706
494.030
283.494
76.085
0.000
0.000
0.000
0.000
0.000
0.000
0.000
0.000
0.000
0.000
0.000
0.000
0.000
40.648
161.758
266.818
333.522
350.198
329.353
298.085
323.100
285.578
210.536
78.378
0.000
0.000
0.000
0.000
0.000
0.000
0.000
0.000
0.000
0.000
0.000
0.000
0.000
61.910
153.003
210.536
208.034
164.677
135.910
121.110
111.730
99.014
53.989
20.220
0.000
0.000
0.000
0.000
0.000
0.000
0.000
0.000
0.000
0.000
0.000
0.000
0.000
72.333
298.085
523.213
710.819
831.721
833.806
804.622
683.721
537.805
331.438
88.592
0.000
0.000
0.000
0.000
0.000
0.000
0.000
0.000
0.000
0.000
0.000
0.000
34.811
75.876
264.733
462.762
564.903
571.157
489.861
350.198
245.973
160.924
84.631
29.809
0.000
0.000
0.000
0.000
0.000
0.000
0.000
0.000
0.000
0.000
0.000
0.000
6.045
57.116
177.184
302.255
435.663
554.481
581.579
514.875
379.382
218.874
98.389
27.516
0.000
0.000
0.000
0.000
0.000
0.000
0.000
0.000
0.000
0.000
0.000
0.000
2.501
33.561
97.972
189.482
296.001
362.705
412.734
408.565
383.551
289.747
172.389
61.493
0.000
0.000
0.000
0.000
0.000
0.000
0.000
0.000
0.000
0.000
0.000
0.000
40.023
47.735
161.967
270.987
335.607
323.100
331.438
323.100
308.508
245.973
159.465
56.907
0.000
0.000
0.000
0.000
0.000
0.000
0.000
0.000
0.000
0.000
0.000
0.000
0.000
23.138
74.834
141.330
194.068
235.550
233.466
225.128
171.972
125.696
68.581
24.389
7.296
0.000
0.000
0.000
0.000
0.000
0.000
0.000
0.000
0.000
0.000
0.000
0.000
21.054
77.544
136.536
182.395
218.874
237.635
233.466
197.612
148.834
84.631
35.228
0.000
0.000
0.000
0.000
0.000
0.000
0.000
0.000
0.000
0.000
0.000
0.000
0.000
36.271
129.448
243.888
371.043
446.086
535.720
533.636
483.607
375.213
218.874
85.465
17.927
0.000
0.000
0.000
0.000
0.000
0.000
0.000
0.000
0.000
0.000
0.000
5.837
75.668
220.958
429.410
594.086
704.566
740.002
667.044
571.157
425.241
243.888
85.048
14.800
0.000
0.000
0.000
0.000
0.000
0.000
0.000
0.000
0.000
0.000
0.000
17.510
45.651
126.113
231.381
337.691
444.001
475.269
439.832
383.551
296.001
173.640
63.369
10.423
0.000
0.000
0.000
0.000
0.000
0.000
0.000
0.000
0.000
0.000
0.000
6.879
57.533
166.970
87.133
343.945
629.523
760.848
790.031
687.890
516.959
306.424
94.845
18.135
0.000
0.000
0.000
0.000
0.000
0.000
0.000
0.000
0.000
0.000
0.000
11.048
100.057
227.212
346.029
400.227
485.692
537.805
529.467
485.692
393.973
243.888
102.767
23.347
0.000
0.000
0.000
0.000
0.000
0.000
0.000
0.000
0.000
0.000
0.000
11.256
81.296
225.128
423.156
573.241
683.721
767.101
806.707
740.002
587.833
364.790
139.454
14.800
0.000
0.000
0.000
0.000
0.000
0.000
0.000
0.000
0.000
0.000
0.000
14.383
102.141
241.804
408.565
519.044
583.664
573.241
516.959
412.734
283.494
184.896
78.378
20.637
0.000
0.000
0.000
0.000
0.000
0.000
0.000
0.000
0.000
0.000
0.000
13.132
127.155
331.438
519.044
583.664
587.833
604.509
554.481
562.819
416.903
287.663
129.240
16.468
0.000
0.000
0.000
0.000
0.000
0.000
0.000
0.000
0.000
0.000
0.000
18.761
162.175
402.311
633.692
748.341
771.270
737.918
685.805
604.509
500.283
348.114
135.702
13.132
0.000
0.000
0.000
0.000
0.000
0.000
0.000
0.000
0.000
0.000
0.000
23.555
36.479
119.026
250.142
421.072
498.199
673.298
702.481
700.397
604.509
439.832
210.536
24.806
0.000
0.000
0.000
0.000
0.000
0.000
0.000
0.000
0.000
0.000
0.000
28.766
170.305
371.043
589.917
756.679
775.439
685.805
656.622
579.495
477.354
339.776
144.457
18.135
0.000
0.000
0.000
0.000
0.000
0.000
0.000
0.000
0.000
0.000
0.000
13.549
47.110
101.933
171.139
256.395
312.677
385.635
348.114
335.607
277.240
203.449
70.873
19.386
0.000
0.000
0.000
0.000
0.000
0.000
0.000
0.000
0.000
0.000
0.000
9.797
38.564
95.262
164.677
192.192
227.212
291.832
356.452
412.734
385.635
260.564
106.519
15.217
0.000
0.000
0.000
0.000
0.000
0.000
0.000
0.000
0.000
0.000
0.000
40.440
212.620
431.494
608.678
687.890
681.636
675.383
512.790
337.691
177.601
81.088
29.183
12.507
0.000
0.000
0.000
0.000
0.000
0.000
0.000
0.000
0.000
0.000
0.000
37.938
178.226
385.635
648.284
810.876
879.665
888.003
829.637
765.017
579.495
402.311
194.068
27.099
0.000
0.000
0.000
0.000
0.000
0.000
0.000
0.000
0.000
0.000
0.000
56.282
227.212
464.847
664.960
704.566
669.129
627.439
585.748
489.861
302.255
162.175
87.758
13.966
0.000
0.000
0.000
0.000
0.000
0.000
0.000
0.000
0.000
0.000
0.000
43.983
181.353
366.874
556.565
731.664
871.327
896.341
854.651
683.721
494.030
289.747
121.527
18.552
0.000
0.000
0.000
0.000
0.000
0.000
0.000
0.000
0.000
0.000
0.000
13.341
63.786
143.415
243.888
318.931
366.874
339.776
254.311
216.789
179.268
125.905
69.414
18.761
0.000
0.000
0.000
0.000
0.000
0.000
0.000
0.000
0.000
0.000
0.000
24.389
94.428
186.772
308.508
362.705
418.987
508.621
537.805
512.790
414.818
279.325
151.544
38.147
0.000
0.000
0.000
0.000
0.000
0.000
0.000
0.000
0.000
0.000
0.000
41.899
153.629
379.382
589.917
748.341
758.763
781.693
742.087
635.777
519.044
391.889
218.874
50.862
0.000
0.000
0.000
0.000
0.000
0.000
0.000
0.000
0.000
0.000
0.000
83.172
304.339
573.241
862.989
1056.849
1163.159
1198.596
1106.877
988.060
792.115
564.903
291.832
72.541
0.000
0.000
0.000
0.000
0.000
0.000
0.000
0.000
0.000
0.000
0.000
84.631
300.170
552.396
850.482
1069.356
1263.215
1296.568
1211.103
1050.595
842.144
577.410
283.494
65.454
0.000
0.000
0.000
0.000
0.000
0.000
0.000
0.000
0.000
0.000
152.170
86.299
310.593
592.002
867.158
1069.356
1177.750
1181.919
1052.680
919.271
712.904
456.509
229.297
52.947
0.000
0.000
0.000
0.000
0.000
0.000
0.000
0.000
0.000
0.000
11.673
83.381
285.578
550.312
869.242
1102.708
1294.483
1286.145
1225.694
1071.440
844.228
577.410
287.663
69.831
0.000
0.000
0.000
0.000
0.000
0.000
0.000
0.000
0.000
0.000
29.183
96.513
296.001
552.396
785.862
965.130
1054.764
1052.680
1017.243
883.834
656.622
444.001
235.550
56.282
0.000
0.000
0.000
0.000
0.000
0.000
0.000
0.000
0.000
0.000
0.000
40.231
143.415
333.522
658.706
988.060
1192.342
1304.906
1248.624
1123.553
896.341
610.763
318.931
84.214
0.000
0.000
0.000
0.000
0.000
0.000
0.000
0.000
0.000
0.000
60.659
98.598
293.916
535.720
783.777
975.553
1048.511
1019.327
892.172
746.256
523.213
335.607
190.525
54.406
0.000
0.000
0.000
0.000
0.000
0.000
0.000
0.000
0.000
0.000
14.175
90.259
252.226
481.523
700.397
798.369
756.679
769.186
748.341
708.735
606.594
444.001
248.057
67.330
0.000
0.000
0.000
0.000
0.000
0.000
0.000
0.000
0.000
0.000
32.310
100.682
298.085
531.551
827.552
1029.750
1223.610
1279.892
1252.793
1123.553
888.003
635.777
354.367
109.020
0.000
0.000
0.000
0.000
0.000
0.000
0.000
0.000
0.000
0.000
22.721
129.448
333.522
594.086
837.975
1029.750
1175.666
1211.103
1144.398
1019.327
806.707
550.312
277.240
70.457
5.211
0.000
0.000
0.000
0.000
0.000
0.000
0.000
0.000
0.000
14.592
101.516
277.240
529.467
787.946
983.891
1069.356
1065.187
1027.665
877.580
675.383
429.410
235.550
68.581
9.797
0.000
0.000
0.000
0.000
0.000
0.000
0.000
0.000
0.000
12.924
115.482
321.015
535.720
779.608
948.454
1013.074
992.229
977.637
827.552
637.861
418.987
248.057
77.544
48.986
0.000
0.000
0.000
0.000
0.000
0.000
0.000
0.000
0.000
16.676
151.336
404.396
710.819
1006.820
1275.723
1369.526
1417.469
1388.286
1246.539
996.398
704.566
396.058
129.865
33.769
0.000
0.000
0.000
0.000
0.000
0.000
0.000
0.000
0.000
15.009
110.479
275.156
485.692
650.368
708.735
785.862
846.313
858.820
775.439
625.354
437.748
277.240
86.507
10.839
0.000
0.000
0.000
0.000
0.000
0.000
0.000
0.000
0.000
21.679
166.136
366.874
656.622
915.102
1156.905
1336.173
1392.455
1338.258
1200.680
944.285
658.706
354.367
116.733
15.217
0.000
0.000
0.000
0.000
0.000
0.000
0.000
0.000
0.000
27.516
199.905
454.424
765.017
1069.356
1286.145
1425.808
1467.498
1409.131
1229.863
981.806
692.059
387.720
135.285
17.510
0.000
0.000
0.000
0.000
0.000
0.000
0.000
0.000
0.000
28.349
200.113
450.255
756.679
1021.412
1209.018
1263.215
1250.708
1154.821
981.806
790.031
552.396
327.269
125.488
10.631
0.000
0.000
0.000
0.000
0.000
0.000
0.000
0.000
0.000
17.718
102.141
248.057
437.748
746.256
1138.145
1371.610
1438.315
1386.202
1223.610
975.553
689.974
375.213
123.195
11.882
0.000
0.000
0.000
0.000
0.000
0.000
0.000
0.000
0.000
26.473
159.465
327.269
541.974
721.242
883.834
927.609
925.524
829.637
667.044
477.354
306.424
155.296
48.569
4.377
0.000
0.000
0.000
0.000
0.000
0.000
0.000
0.000
0.000
13.758
65.454
177.184
331.438
469.016
667.044
821.298
929.693
938.031
762.932
556.565
318.931
139.871
43.775
18.761
0.000
0.000
0.000
0.000
0.000
0.000
0.000
0.000
0.000
19.178
114.023
248.057
429.410
566.988
698.312
787.946
844.228
842.144
740.002
627.439
502.368
331.438
151.961
16.259
0.000
0.000
0.000
0.000
0.000
0.000
0.000
0.000
0.000
49.195
235.550
498.199
823.383
1098.539
1209.018
1244.455
1081.863
883.834
687.890
531.551
408.565
227.212
91.719
16.259
0.000
0.000
0.000
0.000
0.000
0.000
0.000
0.000
0.000
50.654
225.128
475.269
767.101
977.637
1117.299
1144.398
1138.145
1127.722
1002.651
837.975
575.326
325.184
121.527
15.842
0.000
0.000
0.000
0.000
0.000
0.000
0.000
0.000
0.000
21.054
94.012
250.142
475.269
587.833
752.510
810.876
910.933
971.383
896.341
837.975
623.270
373.128
159.882
16.676
0.000
0.000
0.000
0.000
0.000
0.000
0.000
0.000
0.000
49.611
208.451
444.001
654.537
781.693
906.764
979.722
994.313
958.876
833.806
700.397
533.636
341.860
156.547
19.178
0.000
0.000
0.000
0.000
0.000
0.000
0.000
0.000
0.000
48.986
184.271
387.720
602.425
787.946
873.411
973.468
960.961
881.749
700.397
521.128
379.382
214.705
89.009
15.217
0.000
0.000
0.000
0.000
0.000
0.000
0.000
0.000
0.000
39.814
120.485
237.635
348.114
466.931
550.312
650.368
654.537
592.002
466.931
343.945
214.705
119.026
48.361
11.882
0.000
0.000
0.000
0.000
0.000
0.000
0.000
0.000
0.000
10.631
37.313
85.465
175.099
300.170
427.325
564.903
752.510
833.806
775.439
604.509
410.649
241.804
87.550
11.465
0.000
0.000
0.000
0.000
0.000
0.000
0.000
0.000
0.000
57.949
235.550
450.255
642.030
908.848
1111.046
1204.849
1158.990
1010.989
677.467
475.269
270.987
158.215
55.448
26.682
0.000
0.000
0.000
0.000
0.000
0.000
0.000
0.000
0.000
17.718
73.583
163.843
300.170
496.114
710.819
900.510
950.538
921.355
831.721
677.467
481.523
264.733
106.727
17.718
0.000
0.000
0.000
0.000
0.000
0.000
0.000
0.000
27.307
49.820
182.603
360.621
450.255
546.143
656.622
671.213
644.115
625.354
594.086
502.368
396.058
223.043
96.721
18.135
0.000
0.000
0.000
0.000
0.000
0.000
0.000
0.000
13.341
64.203
220.958
408.565
579.495
712.904
833.806
921.355
1033.919
1031.834
950.538
758.763
533.636
316.846
137.786
26.682
0.000
0.000
0.000
0.000
0.000
0.000
0.000
0.000
18.552
51.071
167.803
329.353
521.128
689.974
767.101
798.369
706.650
498.199
385.635
248.057
141.955
97.764
42.941
7.504
0.000
0.000
0.000
0.000
0.000
0.000
0.000
0.000
0.000
45.442
129.448
258.480
412.734
521.128
658.706
729.580
852.566
908.848
790.031
685.805
552.396
352.283
168.637
28.141
0.000
0.000
0.000
0.000
0.000
0.000
0.000
0.000
19.386
46.693
134.034
285.578
446.086
596.171
754.594
800.453
823.383
823.383
758.763
619.101
460.678
268.902
114.231
24.597
0.000
0.000
0.000
0.000
0.000
0.000
0.000
0.000
61.493
45.234
146.333
285.578
489.861
758.763
994.313
1100.623
1115.215
1184.004
1063.102
873.411
644.115
381.466
163.426
37.313
0.000
0.000
0.000
0.000
0.000
0.000
0.000
0.000
27.099
39.189
120.902
250.142
471.100
806.707
1006.820
1069.356
1108.961
1075.609
975.553
894.256
717.073
454.424
223.043
47.527
46.276
0.000
0.000
0.000
0.000
0.000
0.000
0.000
14.800
98.389
285.578
494.030
765.017
967.214
1067.271
1161.074
1240.286
1152.736
1010.989
846.313
639.946
427.325
199.280
44.817
62.535
0.000
0.000
0.000
0.000
0.000
0.000
0.000
15.842
57.949
133.409
225.128
275.156
291.832
329.353
371.043
400.227
400.227
385.635
298.085
225.128
144.665
71.499
20.428
5.003
0.000
0.000
0.000
0.000
0.000
0.000
0.000
13.758
62.119
218.874
466.931
689.974
810.876
858.820
921.355
977.637
954.707
894.256
677.467
439.832
243.888
98.389
20.637
103.392
0.000
0.000
0.000
0.000
0.000
0.000
0.000
12.299
52.321
179.685
383.551
606.594
877.580
1071.440
1248.624
1300.737
1267.384
1154.821
977.637
723.326
452.340
212.620
53.364
29.809
0.000
0.000
0.000
0.000
0.000
0.000
0.000
12.299
92.136
254.311
450.255
689.974
810.876
919.271
948.454
915.102
852.566
733.749
644.115
452.340
252.226
108.603
28.975
0.000
0.000
0.000
0.000
0.000
0.000
0.000
0.000
3.544
21.887
58.575
110.688
165.302
245.973
366.874
564.903
810.876
921.355
988.060
821.298
637.861
408.565
204.908
51.696
127.364
0.000
0.000
0.000
0.000
0.000
0.000
0.000
13.132
94.220
258.480
423.156
592.002
719.157
900.510
1033.919
992.229
929.693
808.791
681.636
498.199
346.029
206.784
52.113
1.042
0.000
0.000
0.000
0.000
0.000
0.000
0.000
13.549
99.014
262.649
481.523
679.552
708.735
765.017
879.665
985.975
985.975
860.904
817.129
639.946
410.649
210.536
50.862
5.211
0.000
0.000
0.000
0.000
0.000
0.000
0.000
13.549
105.268
264.733
475.269
737.918
971.383
1077.694
1117.299
1196.511
1192.342
1083.947
873.411
669.129
421.072
201.156
56.490
24.806
0.000
0.000
0.000
0.000
0.000
0.000
0.000
8.755
62.327
166.761
310.593
450.255
610.763
694.143
750.425
752.510
714.988
669.129
577.410
439.832
258.480
126.322
35.437
4.586
0.000
0.000
0.000
0.000
0.000
0.000
0.000
10.839
77.544
201.989
377.297
583.664
754.594
888.003
927.609
925.524
900.510
854.651
719.157
539.889
350.198
178.851
55.865
22.513
0.000
0.000
0.000
0.000
0.000
0.000
0.000
11.256
76.710
197.195
337.691
514.875
639.946
706.650
689.974
687.890
594.086
527.382
481.523
456.509
337.691
193.651
54.197
32.310
0.000
0.000
0.000
0.000
0.000
0.000
0.000
12.507
75.251
204.074
368.959
571.157
679.552
746.256
719.157
627.439
571.157
506.537
435.663
358.536
268.902
152.378
51.696
11.673
0.000
0.000
0.000
0.000
0.000
0.000
0.000
14.383
81.504
214.705
387.720
556.565
740.002
904.679
996.398
990.144
950.538
933.862
817.129
625.354
418.987
241.804
81.713
12.924
0.000
0.000
0.000
0.000
0.000
0.000
0.000
17.718
113.398
273.071
477.354
702.481
879.665
1042.257
1175.666
1219.441
1046.426
779.608
544.058
329.353
201.364
111.730
35.020
6.670
0.000
0.000
0.000
0.000
0.000
0.000
0.000
16.885
116.107
279.325
481.523
700.397
865.073
973.468
1071.440
1113.130
1083.947
1033.919
890.087
667.044
433.579
233.466
75.668
13.758
0.000
0.000
0.000
0.000
0.000
0.000
0.000
9.172
58.366
139.037
210.536
281.409
352.283
404.396
535.720
669.129
800.453
879.665
815.045
669.129
458.593
245.973
84.006
8.338
0.000
0.000
0.000
0.000
0.000
0.000
0.000
21.470
129.448
314.762
533.636
737.918
890.087
1050.595
1152.736
1175.666
1179.835
1031.834
792.115
521.128
285.578
134.660
41.273
2.501
0.000
0.000
0.000
0.000
0.000
0.000
0.000
15.842
23.347
55.657
108.603
181.353
264.733
377.297
508.621
581.579
698.312
723.326
664.960
562.819
452.340
256.395
85.048
20.428
0.000
0.000
0.000
0.000
0.000
0.000
0.000
24.597
121.736
266.818
481.523
706.650
810.876
777.524
879.665
837.975
608.678
396.058
283.494
227.212
153.003
60.034
17.927
14.175
0.000
0.000
0.000
0.000
0.000
0.000
0.000
14.800
42.733
97.764
179.894
254.311
366.874
462.762
566.988
692.059
760.848
885.918
762.932
598.255
385.635
193.860
65.871
11.465
0.000
0.000
0.000
0.000
0.000
0.000
0.000
20.220
116.941
285.578
516.959
714.988
860.904
990.144
1063.102
1121.468
1104.792
1073.525
915.102
708.735
475.269
250.142
96.930
15.842
0.000
0.000
0.000
0.000
0.000
0.000
0.000
25.640
131.116
308.508
510.706
781.693
1033.919
1229.863
1325.751
1411.216
1371.610
1227.779
1015.158
756.679
456.509
235.550
82.130
24.180
0.000
0.000
0.000
0.000
0.000
0.000
0.000
17.093
66.079
142.164
298.085
535.720
708.735
854.651
965.130
1027.665
971.383
885.918
837.975
631.608
456.509
258.480
90.468
20.011
0.000
0.000
0.000
0.000
0.000
0.000
0.000
28.141
139.037
321.015
525.298
752.510
963.045
1036.003
1146.483
1204.849
1165.243
1083.947
917.186
706.650
466.931
277.240
110.688
11.465
0.000
0.000
0.000
0.000
0.000
0.000
0.000
28.349
141.747
321.015
541.974
808.791
1069.356
1204.849
1296.568
1361.188
1286.145
1209.018
1023.496
785.862
519.044
281.409
106.519
19.178
0.000
0.000
0.000
0.000
0.000
0.000
0.000
27.099
141.955
331.438
560.734
823.383
1017.243
998.482
988.060
933.862
881.749
783.777
675.383
514.875
350.198
210.536
82.547
24.806
0.000
0.000
0.000
0.000
0.000
0.000
0.000
26.056
131.950
308.508
525.298
723.326
844.228
848.397
835.890
850.482
831.721
798.369
740.002
617.016
425.241
239.719
90.468
14.383
0.000
0.000
0.000
0.000
0.000
0.000
0.000
20.845
108.603
260.564
431.494
667.044
881.749
1044.341
1152.736
1213.187
1227.779
1192.342
1050.595
812.960
533.636
293.916
110.688
13.132
0.000
0.000
0.000
0.000
0.000
0.000
0.000
27.932
120.068
291.832
514.875
775.439
1025.581
1263.215
1371.610
1429.977
1329.920
1188.173
967.214
727.495
464.847
245.973
88.383
12.090
0.000
0.000
0.000
0.000
0.000
0.000
0.000
32.518
107.769
231.381
387.720
564.903
769.186
896.341
925.524
860.904
785.862
594.086
464.847
327.269
188.023
98.181
38.564
15.217
0.000
0.000
0.000
0.000
0.000
0.000
0.000
8.130
25.014
64.411
130.282
200.113
291.832
391.889
448.170
502.368
537.805
527.382
446.086
314.762
191.567
98.181
36.062
14.175
0.000
0.000
0.000
0.000
0.000
0.000
0.000
11.465
54.197
127.572
227.212
341.860
431.494
556.565
662.875
671.213
627.439
566.988
494.030
385.635
273.071
151.753
65.245
8.755
0.000
0.000
0.000
0.000
0.000
0.000
0.000
21.887
97.138
233.466
410.649
639.946
856.735
1025.581
1171.497
1094.370
990.144
867.158
750.425
600.340
398.142
227.212
90.885
11.048
0.000
0.000
0.000
0.000
0.000
0.000
0.000
17.718
79.837
196.778
373.128
587.833
867.158
1061.018
1136.060
1079.778
1056.849
933.862
779.608
610.763
389.804
208.451
79.837
20.637
0.000
0.000
0.000
0.000
0.000
0.000
0.000
21.470
83.381
180.102
277.240
398.142
531.551
617.016
710.819
825.468
806.707
708.735
585.748
402.311
289.747
152.378
63.786
13.132
0.000
0.000
0.000
0.000
0.000
0.000
0.000
20.845
106.727
250.142
416.903
660.791
888.003
1046.426
1190.257
1206.934
1158.990
1027.665
840.059
650.368
402.311
235.550
96.513
13.758
0.000
0.000
0.000
0.000
0.000
0.000
0.000
27.724
115.274
239.719
408.565
564.903
667.044
769.186
871.327
958.876
938.031
888.003
771.270
602.425
385.635
210.536
76.502
13.341
0.000
0.000
0.000
0.000
0.000
0.000
0.000
18.135
62.952
156.755
248.057
358.536
460.678
485.692
498.199
487.776
506.537
502.368
508.621
431.494
296.001
184.896
79.003
12.090
0.000
0.000
0.000
0.000
0.000
0.000
0.000
20.845
75.876
183.854
333.522
512.790
744.171
865.073
927.609
965.130
927.609
862.989
744.171
581.579
383.551
210.536
67.121
11.465
0.000
0.000
0.000
0.000
0.000
0.000
0.000
17.301
67.538
159.465
256.395
389.804
535.720
642.030
702.481
810.876
875.496
883.834
733.749
554.481
371.043
202.198
84.631
13.966
0.000
0.000
0.000
0.000
0.000
0.000
0.000
16.259
84.631
208.034
371.043
566.988
692.059
733.749
802.538
850.482
904.679
883.834
785.862
644.115
446.086
256.395
103.183
18.344
0.000
0.000
0.000
0.000
0.000
0.000
0.000
23.138
96.721
227.212
456.509
727.495
963.045
1142.314
1202.765
1186.088
1071.440
931.778
737.918
456.509
310.593
196.153
90.051
13.341
0.000
0.000
0.000
0.000
0.000
0.000
0.000
26.265
125.696
268.902
421.072
614.932
752.510
923.440
1019.327
1019.327
998.482
929.693
790.031
602.425
421.072
218.874
70.873
8.755
0.000
0.000
0.000
0.000
0.000
0.000
0.000
18.135
75.459
148.000
262.649
412.734
558.650
696.228
781.693
842.144
746.256
639.946
554.481
433.579
341.860
206.575
86.716
14.175
0.000
0.000
0.000
0.000
0.000
0.000
0.000
23.555
124.445
300.170
521.128
775.439
960.961
1081.863
1136.060
1096.454
1086.032
1002.651
837.975
627.439
404.396
237.635
84.840
12.299
0.000
0.000
0.000
0.000
0.000
0.000
0.000
9.589
51.071
130.907
227.212
343.945
421.072
456.509
469.016
562.819
700.397
798.369
727.495
527.382
393.973
260.564
100.265
13.549
0.000
0.000
0.000
0.000
0.000
0.000
0.000
20.428
127.989
285.578
464.847
646.199
812.960
1008.905
1156.905
1225.694
1238.201
1154.821
973.468
723.326
477.354
248.057
91.719
11.256
0.000
0.000
0.000
0.000
0.000
0.000
0.000
21.679
118.609
289.747
502.368
767.101
1058.933
1256.962
1332.004
1417.469
1325.751
1215.272
1052.680
794.200
512.790
262.649
108.603
18.969
0.000
0.000
0.000
0.000
0.000
0.000
0.000
18.552
107.352
260.564
477.354
681.636
900.510
954.707
927.609
973.468
917.186
877.580
727.495
541.974
358.536
210.536
76.919
12.924
0.000
0.000
0.000
0.000
0.000
0.000
0.000
25.848
95.888
231.381
346.029
416.903
462.762
412.734
529.467
558.650
637.861
671.213
592.002
462.762
341.860
225.128
96.930
14.175
0.000
0.000
0.000
0.000
0.000
0.000
0.000
23.138
126.530
304.339
533.636
802.538
1071.440
1269.469
1384.117
1354.934
1188.173
1021.412
862.989
606.594
398.142
204.282
72.958
7.921
0.000
0.000
0.000
0.000
0.000
0.000
0.000
12.507
59.409
169.888
312.677
471.100
673.298
923.440
1104.792
1227.779
1281.976
1163.159
979.722
779.608
514.875
304.339
114.857
19.803
0.000
0.000
0.000
0.000
0.000
0.000
0.000
21.887
118.192
208.451
252.226
308.508
427.325
539.889
721.242
860.904
940.116
890.087
733.749
642.030
456.509
245.973
105.268
12.507
0.000
0.000
0.000
0.000
0.000
0.000
0.000
24.806
111.730
287.663
471.100
654.537
765.017
756.679
783.777
748.341
742.087
662.875
621.185
475.269
308.508
153.212
48.569
6.670
0.000
0.000
0.000
0.000
0.000
0.000
0.000
13.966
59.826
131.116
216.789
375.213
575.326
696.228
815.045
994.313
1027.665
1017.243
829.637
637.861
425.241
218.874
80.254
9.380
0.000
0.000
0.000
0.000
0.000
0.000
0.000
8.130
48.778
135.493
277.240
402.311
496.114
508.621
573.241
642.030
658.706
769.186
681.636
602.425
373.128
218.874
86.507
12.299
0.000
0.000
0.000
0.000
0.000
0.000
0.000
18.552
107.978
281.409
502.368
719.157
908.848
1050.595
1152.736
1234.032
1252.793
1179.835
1002.651
783.777
531.551
281.409
105.060
11.048
0.000
0.000
0.000
0.000
0.000
0.000
0.000
13.758
97.764
245.973
448.170
692.059
913.017
1104.792
1279.892
1344.511
1309.075
1186.088
944.285
646.199
354.367
152.586
42.524
18.552
0.000
0.000
0.000
0.000
0.000
0.000
0.000
9.380
90.051
239.719
408.565
623.270
785.862
963.045
1104.792
1100.623
1006.820
865.073
719.157
510.706
310.593
145.708
51.696
39.189
0.000
0.000
0.000
0.000
0.000
0.000
0.000
3.544
42.524
119.860
237.635
348.114
444.001
544.058
619.101
692.059
698.312
677.467
566.988
439.832
293.916
147.167
48.986
18.344
0.000
0.000
0.000
0.000
0.000
0.000
0.000
7.921
26.473
68.997
127.989
208.451
248.057
279.325
300.170
350.198
389.804
375.213
316.846
243.888
170.096
95.262
36.896
7.296
0.000
0.000
0.000
0.000
0.000
0.000
0.000
7.296
42.524
115.482
210.536
268.902
346.029
414.818
481.523
581.579
631.608
654.537
539.889
398.142
235.550
129.865
46.485
18.969
0.000
0.000
0.000
0.000
0.000
0.000
0.000
5.420
47.944
139.037
268.902
427.325
600.340
783.777
908.848
1000.567
1021.412
963.045
821.298
608.678
396.058
216.789
81.296
15.217
0.000
0.000
0.000
0.000
0.000
0.000
0.000
9.380
64.620
174.682
310.593
469.016
635.777
794.200
873.411
910.933
931.778
827.552
685.805
487.776
314.762
170.513
59.617
18.552
0.000
0.000
0.000
0.000
0.000
0.000
0.000
10.631
52.738
139.871
258.480
427.325
587.833
706.650
879.665
985.975
954.707
896.341
798.369
627.439
454.424
239.719
84.214
11.882
0.000
0.000
0.000
0.000
0.000
0.000
0.000
11.048
90.259
252.226
460.678
712.904
925.524
1083.947
1167.328
1196.511
1106.877
1004.736
810.876
569.072
337.691
183.854
63.995
9.797
0.000
0.000
0.000
0.000
0.000
0.000
0.000
25.223
24.806
116.941
318.931
564.903
852.566
1050.595
1098.539
1094.370
1123.553
1104.792
973.468
762.932
483.607
252.226
81.713
13.549
0.000
0.000
0.000
0.000
0.000
0.000
0.000
11.465
45.651
115.691
231.381
377.297
508.621
550.312
510.706
496.114
485.692
435.663
414.818
358.536
245.973
161.758
56.490
10.423
0.000
0.000
0.000
0.000
0.000
0.000
0.000
11.256
75.668
205.325
381.466
592.002
767.101
931.778
950.538
969.299
948.454
852.566
710.819
531.551
331.438
160.716
50.028
66.704
0.000
0.000
0.000
0.000
0.000
0.000
0.000
25.014
60.868
184.688
333.522
481.523
535.720
592.002
650.368
658.706
614.932
575.326
560.734
496.114
385.635
233.466
80.254
11.882
0.000
0.000
0.000
0.000
0.000
0.000
0.000
10.214
79.837
216.789
364.790
506.537
652.453
771.270
837.975
800.453
708.735
714.988
633.692
454.424
275.156
142.998
49.820
15.009
0.000
0.000
0.000
0.000
0.000
0.000
0.000
13.758
51.279
120.485
208.451
279.325
306.424
312.677
302.255
308.508
287.663
252.226
203.032
153.837
97.555
56.699
22.513
19.178
0.000
0.000
0.000
0.000
0.000
0.000
0.000
31.476
52.947
190.941
416.903
648.284
831.721
946.369
973.468
996.398
938.031
871.327
765.017
642.030
412.734
200.113
63.578
19.803
0.000
0.000
0.000
0.000
0.000
0.000
0.000
9.589
71.707
170.305
254.311
306.424
343.945
325.184
312.677
316.846
312.677
293.916
302.255
243.888
154.462
83.797
23.347
16.051
0.000
0.000
0.000
0.000
0.000
0.000
0.000
0.000
30.017
111.105
223.043
366.874
439.832
531.551
596.171
583.664
512.790
479.438
373.128
287.663
160.091
75.668
20.637
4.586
0.000
0.000
0.000
0.000
0.000
0.000
0.000
57.324
44.609
157.589
291.832
412.734
494.030
566.988
635.777
735.833
746.256
750.425
631.608
466.931
321.015
178.226
53.155
41.273
0.000
0.000
0.000
0.000
0.000
0.000
0.000
23.138
61.702
210.536
418.987
608.678
729.580
700.397
696.228
775.439
825.468
719.157
604.509
485.692
308.508
169.054
50.445
85.465
0.000
0.000
0.000
0.000
0.000
0.000
0.000
138.829
51.696
190.108
396.058
589.917
712.904
783.777
833.806
933.862
952.623
875.496
787.946
639.946
431.494
229.297
66.496
186.356
0.000
0.000
0.000
0.000
0.000
0.000
0.000
23.555
66.288
220.958
439.832
696.228
952.623
983.891
1029.750
1071.440
1027.665
940.116
771.270
598.255
381.466
184.271
42.733
0.000
0.000
0.000
0.000
0.000
0.000
0.000
0.000
26.265
60.659
204.699
389.804
558.650
752.510
917.186
975.553
904.679
860.904
769.186
631.608
502.368
343.945
184.063
50.237
4.377
0.000
0.000
0.000
0.000
0.000
0.000
0.000
180.936
55.865
151.544
306.424
506.537
779.608
998.482
1071.440
1119.384
1129.807
1054.764
925.524
689.974
373.128
169.263
31.893
0.000
0.000
0.000
0.000
0.000
0.000
0.000
0.000
0.000
50.654
169.679
314.762
479.438
633.692
748.341
844.228
825.468
812.960
754.594
648.284
479.438
298.085
148.209
49.195
4.794
0.000
0.000
0.000
0.000
0.000
0.000
0.000
0.000
51.904
180.519
356.452
550.312
719.157
760.848
765.017
777.524
735.833
685.805
612.847
458.593
281.409
133.200
27.307
0.000
0.000
0.000
0.000
0.000
0.000
0.000
0.000
0.000
30.434
140.705
298.085
462.762
592.002
689.974
700.397
619.101
529.467
437.748
323.100
208.451
124.029
68.372
20.011
0.000
0.000
0.000
0.000
0.000
0.000
0.000
0.000
0.000
30.225
102.558
216.789
348.114
502.368
598.255
744.171
871.327
965.130
929.693
842.144
642.030
416.903
207.201
53.364
0.000
0.000
0.000
0.000
0.000
0.000
0.000
0.000
0.000
49.195
191.775
385.635
627.439
888.003
929.693
1002.651
1013.074
915.102
773.355
600.340
435.663
277.240
140.079
31.893
0.000
0.000
0.000
0.000
0.000
0.000
0.000
0.000
0.000
37.104
159.257
373.128
658.706
956.792
1121.468
1175.666
1190.257
1158.990
1029.750
890.087
660.791
385.635
176.350
33.769
0.000
0.000
0.000
0.000
0.000
0.000
0.000
0.000
0.000
37.313
160.091
337.691
564.903
806.707
933.862
956.792
890.087
888.003
775.439
662.875
491.945
291.832
126.947
21.054
0.000
0.000
0.000
0.000
0.000
0.000
0.000
0.000
0.000
31.268
112.147
223.043
333.522
423.156
491.945
554.481
598.255
677.467
681.636
629.523
514.875
333.522
166.553
36.271
0.000
0.000
0.000
0.000
0.000
0.000
0.000
0.000
0.000
27.724
122.778
283.494
437.748
585.748
664.960
712.904
754.594
702.481
594.086
460.678
329.353
210.536
114.440
34.603
0.000
0.000
0.000
0.000
0.000
0.000
0.000
0.000
0.000
25.014
119.651
273.071
512.790
762.932
935.947
938.031
925.524
935.947
854.651
748.341
558.650
362.705
144.248
23.555
0.000
0.000
0.000
0.000
0.000
0.000
0.000
0.000
0.000
22.721
93.178
185.313
279.325
375.213
379.382
339.776
348.114
406.480
387.720
354.367
256.395
119.860
40.856
3.961
0.000
0.000
0.000
0.000
0.000
0.000
0.000
0.000
0.000
5.628
28.975
67.121
123.612
194.902
268.902
302.255
314.762
281.409
258.480
256.395
163.217
93.386
45.234
13.966
0.000
0.000
0.000
0.000
0.000
0.000
0.000
0.000
0.000
16.468
128.406
352.283
631.608
888.003
988.060
985.975
900.510
800.453
714.988
648.284
529.467
321.015
144.040
18.135
0.000
0.000
0.000
0.000
0.000
0.000
0.000
0.000
0.000
23.763
153.420
323.100
571.157
794.200
881.749
821.298
731.664
660.791
573.241
439.832
316.846
198.029
86.299
16.259
0.000
0.000
0.000
0.000
0.000
0.000
0.000
0.000
0.000
23.555
137.786
339.776
631.608
919.271
1052.680
948.454
862.989
771.270
639.946
541.974
393.973
258.480
119.026
22.096
0.000
0.000
0.000
0.000
0.000
0.000
0.000
0.000
0.000
12.716
74.417
179.060
302.255
410.649
458.593
485.692
504.452
512.790
448.170
383.551
270.987
166.761
77.127
18.344
0.000
0.000
0.000
0.000
0.000
0.000
0.000
0.000
0.000
19.386
129.240
316.846
531.551
662.875
721.242
683.721
644.115
519.044
375.213
264.733
174.682
93.386
37.104
40.231
0.000
0.000
0.000
0.000
0.000
0.000
0.000
0.000
0.000
10.006
68.372
169.888
306.424
414.818
508.621
554.481
527.382
529.467
471.100
383.551
275.156
154.671
53.572
7.713
0.000
0.000
0.000
0.000
0.000
0.000
0.000
0.000
0.000
11.673
71.290
184.271
337.691
469.016
581.579
637.861
719.157
737.918
677.467
583.664
421.072
229.297
86.090
54.406
0.000
0.000
0.000
0.000
0.000
0.000
0.000
0.000
0.000
17.301
108.812
262.649
477.354
694.143
885.918
1010.989
1061.018
967.214
831.721
642.030
402.311
193.234
52.113
220.958
0.000
0.000
0.000
0.000
0.000
0.000
0.000
0.000
0.000
23.138
129.448
266.818
427.325
556.565
658.706
692.059
689.974
710.819
662.875
554.481
416.903
258.480
95.888
18.344
0.000
0.000
0.000
0.000
0.000
0.000
0.000
0.000
0.000
21.054
63.578
153.629
233.466
306.424
362.705
396.058
456.509
423.156
418.987
346.029
243.888
137.369
62.952
25.640
0.000
0.000
0.000
0.000
0.000
0.000
0.000
0.000
0.000
15.009
143.831
339.776
521.128
608.678
631.608
533.636
444.001
379.382
321.015
266.818
218.874
144.457
48.569
135.702
0.000
0.000
0.000
0.000
0.000
0.000
0.000
0.000
0.000
13.341
34.394
102.350
235.550
337.691
469.016
556.565
604.509
710.819
762.932
637.861
481.523
273.071
90.885
110.062
0.000
0.000
0.000
0.000
0.000
0.000
0.000
0.000
0.000
14.800
83.381
210.536
389.804
602.425
721.242
802.538
804.622
896.341
869.242
729.580
521.128
283.494
90.259
17.093
0.000
0.000
0.000
0.000
0.000
0.000
0.000
0.000
0.000
13.132
150.710
368.959
610.763
869.242
954.707
1010.989
1008.905
1004.736
890.087
723.326
487.776
248.057
71.916
22.096
0.000
0.000
0.000
0.000
0.000
0.000
0.000
0.000
0.000
13.549
79.837
262.649
510.706
781.693
902.595
935.947
844.228
679.552
529.467
404.396
285.578
173.640
46.693
0.000
0.000
0.000
0.000
0.000
0.000
0.000
0.000
0.000
0.000
109.437
61.910
188.232
362.705
489.861
544.058
514.875
439.832
377.297
335.607
254.311
176.975
93.595
25.431
0.000
0.000
0.000
0.000
0.000
0.000
0.000
0.000
0.000
0.000
0.000
19.386
60.451
113.398
160.924
214.705
262.649
296.001
300.170
293.916
237.635
176.767
104.434
38.772
0.000
0.000
0.000
0.000
0.000
0.000
0.000
0.000
0.000
0.000
11.048
64.620
212.620
393.973
625.354
769.186
817.129
806.707
794.200
725.411
581.579
404.396
188.023
58.366
0.000
0.000
0.000
0.000
0.000
0.000
0.000
0.000
0.000
0.000
18.135
100.890
298.085
504.452
729.580
852.566
823.383
733.749
667.044
612.847
498.199
337.691
170.722
39.189
0.000
0.000
0.000
0.000
0.000
0.000
0.000
0.000
0.000
0.000
8.755
66.704
190.108
377.297
594.086
683.721
621.185
562.819
477.354
389.804
300.170
204.282
95.888
22.721
0.000
0.000
0.000
0.000
0.000
0.000
0.000
0.000
0.000
0.000
15.009
56.073
176.558
348.114
554.481
633.692
573.241
554.481
521.128
458.593
385.635
279.325
160.299
36.271
0.000
0.000
0.000
0.000
0.000
0.000
0.000
0.000
0.000
0.000
61.702
56.073
169.679
321.015
481.523
587.833
606.594
658.706
639.946
608.678
487.776
346.029
214.705
49.403
0.000
0.000
0.000
0.000
0.000
0.000
0.000
0.000
0.000
0.000
26.265
105.476
325.184
600.340
867.158
1042.257
1186.088
1269.469
1246.539
1090.201
842.144
554.481
270.987
45.442
0.000
0.000
0.000
0.000
0.000
0.000
0.000
0.000
0.000
0.000
39.189
92.552
300.170
537.805
746.256
812.960
906.764
952.623
958.876
844.228
660.791
439.832
225.128
44.192
0.000
0.000
0.000
0.000
0.000
0.000
0.000
0.000
0.000
0.000
0.000
46.276
160.508
283.494
402.311
506.537
575.326
614.932
614.932
562.819
448.170
302.255
139.246
24.389
0.000
0.000
0.000
0.000
0.000
0.000
0.000
0.000
0.000
0.000
0.000
30.225
112.981
254.311
425.241
596.171
644.115
646.199
660.791
654.537
502.368
339.776
164.051
24.806
0.000
0.000
0.000
0.000
0.000
0.000
0.000
0.000
0.000
0.000
0.000
66.496
252.226
521.128
815.045
1019.327
1161.074
1215.272
1192.342
1050.595
819.214
529.467
243.888
22.304
0.000
0.000
0.000
0.000
0.000
0.000
0.000
0.000
0.000
0.000
0.000
85.257
281.409
525.298
765.017
921.355
992.229
1015.158
931.778
771.270
533.636
296.001
104.434
11.673
0.000
0.000
0.000
0.000
0.000
0.000
0.000
0.000
0.000
0.000
0.000
17.301
91.719
212.620
408.565
627.439
815.045
871.327
915.102
785.862
619.101
421.072
204.699
20.011
0.000
0.000
0.000
0.000
0.000
0.000
0.000
0.000
0.000
0.000
0.000
49.820
191.150
391.889
598.255
704.566
742.087
725.411
648.284
554.481
400.227
266.818
118.400
13.966
0.000
0.000
0.000
0.000
0.000
0.000
0.000
0.000
0.000
0.000
0.000
27.932
115.899
233.466
335.607
489.861
562.819
587.833
539.889
406.480
316.846
196.778
78.586
10.006
0.000
0.000
0.000
0.000
0.000
0.000
0.000
0.000
0.000
0.000
0.000
16.468
80.254
185.105
327.269
471.100
637.861
735.833
756.679
610.763
396.058
237.635
94.428
12.090
0.000
0.000
0.000
0.000
0.000
0.000
0.000
0.000
0.000
0.000
0.000
30.225
152.378
316.846
456.509
487.776
483.607
485.692
439.832
341.860
254.311
157.381
64.203
15.009
0.000
0.000
0.000
0.000
0.000
0.000
0.000
0.000
0.000
0.000
0.000
50.445
245.973
502.368
729.580
837.975
840.059
804.622
725.411
623.270
464.847
256.395
88.592
16.051
0.000
0.000
0.000
0.000
0.000
0.000
0.000
0.000
0.000
0.000
0.000
31.476
149.460
312.677
508.621
689.974
762.932
746.256
692.059
610.763
425.241
235.550
93.595
22.930
0.000
0.000
0.000
0.000
0.000
0.000
0.000
0.000
0.000
0.000
0.000
37.521
199.071
439.832
733.749
965.130
1094.370
1063.102
946.369
781.693
558.650
362.705
127.155
14.592
0.000
0.000
0.000
0.000
0.000
0.000
0.000
0.000
0.000
0.000
0.000
38.147
200.530
427.325
631.608
769.186
817.129
744.171
683.721
535.720
381.466
223.043
63.369
0.000
0.000
0.000
0.000
0.000
0.000
0.000
0.000
0.000
0.000
0.000
0.000
21.054
70.457
131.324
192.401
239.719
281.409
316.846
368.959
396.058
368.959
258.480
110.271
13.341
0.000
0.000
0.000
0.000
0.000
0.000
0.000
0.000
0.000
0.000
0.000
18.552
112.772
254.311
402.311
537.805
596.171
583.664
606.594
585.748
483.607
325.184
105.893
0.000
0.000
0.000
0.000
0.000
0.000
0.000
0.000
0.000
0.000
0.000
0.000
42.941
264.733
525.298
710.819
808.791
804.622
725.411
583.664
477.354
358.536
155.296
41.482
0.000
0.000
0.000
0.000
0.000
0.000
0.000
0.000
0.000
0.000
0.000
0.000
20.011
153.837
398.142
667.044
833.806
969.299
933.862
794.200
664.960
512.790
302.255
85.674
0.000
0.000
0.000
0.000
0.000
0.000
0.000
0.000
0.000
0.000
0.000
0.000
30.225
225.128
525.298
790.031
958.876
929.693
925.524
910.933
758.763
554.481
314.762
96.096
0.000
0.000
0.000
0.000
0.000
0.000
0.000
0.000
0.000
0.000
0.000
0.000
29.183
216.789
458.593
740.002
948.454
1015.158
969.299
885.918
729.580
552.396
300.170
81.921
0.000
0.000
0.000
0.000
0.000
0.000
0.000
0.000
0.000
0.000
0.000
0.000
23.763
200.322
452.340
758.763
935.947
1046.426
1042.257
1023.496
896.341
660.791
360.621
87.133
0.000
0.000
0.000
0.000
0.000
0.000
0.000
0.000
0.000
0.000
0.000
0.000
25.223
194.277
446.086
710.819
908.848
992.229
1133.976
1104.792
927.609
656.622
356.452
88.800
0.000
0.000
0.000
0.000
0.000
0.000
0.000
0.000
0.000
0.000
0.000
0.000
27.099
187.606
433.579
685.805
896.341
1048.511
1111.046
1054.764
858.820
583.664
296.001
61.493
0.000
0.000
0.000
0.000
0.000
0.000
0.000
0.000
0.000
0.000
0.000
0.000
20.220
195.111
466.931
746.256
1013.074
1125.638
1192.342
1138.145
948.454
689.974
368.959
74.209
0.000
0.000
0.000
0.000
0.000
0.000
0.000
0.000
0.000
0.000
0.000
0.000
17.301
170.722
410.649
667.044
867.158
1021.412
1150.652
1121.468
942.200
675.383
354.367
65.454
0.000
0.000
0.000
0.000
0.000
0.000
0.000
0.000
0.000
0.000
0.000
0.000
15.634
160.091
410.649
750.425
971.383
1138.145
1177.750
1113.130
915.102
642.030
329.353
52.738
0.000
0.000
0.000
0.000
0.000
0.000
0.000
0.000
0.000
0.000
0.000
0.000
16.676
87.758
227.212
387.720
498.199
546.143
596.171
598.255
502.368
373.128
165.927
28.349
0.000
0.000
0.000
0.000
0.000
0.000
0.000
0.000
0.000
0.000
0.000
0.000
12.507
121.319
346.029
596.171
783.777
867.158
902.595
806.707
633.692
400.227
157.172
18.552
0.000
0.000
0.000
0.000
0.000
0.000
0.000
0.000
0.000
0.000
0.000
0.000
4.169
21.262
57.533
101.099
150.919
203.449
199.488
178.017
149.043
93.178
36.687
15.842
0.000
0.000
0.000
0.000
0.000
0.000
0.000
0.000
0.000
0.000
0.000
0.000
4.586
56.073
139.871
239.719
373.128
481.523
487.776
431.494
362.705
231.381
116.733
21.470
0.000
0.000
0.000
0.000
0.000
0.000
0.000
0.000
0.000
0.000
0.000
0.000
7.921
37.938
108.812
178.226
243.888
287.663
339.776
327.269
298.085
227.212
122.778
24.597
0.000
0.000
0.000
0.000
0.000
0.000
0.000
0.000
0.000
0.000
0.000
0.000
18.135
161.133
410.649
677.467
890.087
956.792
815.045
667.044
498.199
318.931
135.077
20.428
0.000
0.000
0.000
0.000
0.000
0.000
0.000
0.000
0.000
0.000
0.000
0.000
27.099
141.955
381.466
660.791
881.749
981.806
923.440
762.932
541.974
352.283
150.502
9.589
0.000
0.000
0.000
0.000
0.000
0.000
0.000
0.000
0.000
0.000
0.000
0.000
15.425
100.265
250.142
389.804
450.255
466.931
441.917
398.142
310.593
191.358
80.879
22.304
0.000
0.000
0.000
0.000
0.000
0.000
0.000
0.000
0.000
0.000
0.000
0.000
5.003
71.499
239.719
458.593
610.763
706.650
767.101
729.580
571.157
343.945
116.316
10.839
0.000
0.000
0.000
0.000
0.000
0.000
0.000
0.000
0.000
0.000
0.000
0.000
9.380
97.555
329.353
579.495
710.819
744.171
781.693
752.510
610.763
393.973
147.792
25.431
0.000
0.000
0.000
0.000
0.000
0.000
0.000
0.000
0.000
0.000
0.000
0.000
13.132
88.383
293.916
489.861
619.101
646.199
552.396
402.311
285.578
183.229
68.372
17.301
0.000
0.000
0.000
0.000
0.000
0.000
0.000
0.000
0.000
0.000
0.000
0.000
0.000
107.769
354.367
629.523
800.453
771.270
673.298
569.072
439.832
287.663
110.271
6.670
0.000
0.000
0.000
0.000
0.000
0.000
0.000
0.000
0.000
0.000
0.000
0.000
0.000
47.944
182.395
329.353
450.255
441.917
412.734
366.874
285.578
160.924
61.285
0.000
0.000
0.000
0.000
0.000
0.000
0.000
0.000
0.000
0.000
0.000
0.000
0.000
0.000
18.969
81.296
165.719
248.057
291.832
254.311
229.297
165.510
102.767
38.772
0.000
0.000
0.000
0.000
0.000
0.000
0.000
0.000
0.000
0.000
0.000
0.000
0.000
0.000
25.848
116.524
248.057
346.029
362.705
333.522
264.733
204.699
125.279
52.947
0.000
0.000
0.000
0.000
0.000
0.000
0.000
0.000
0.000
0.000
0.000
0.000
0.000
0.000
29.183
101.099
200.947
287.663
331.438
350.198
327.269
223.043
136.744
45.442
0.000
0.000
0.000
0.000
0.000
0.000
0.000
0.000
0.000
0.000
0.000
0.000
0.000
0.000
30.017
124.862
225.128
333.522
404.396
412.734
387.720
298.085
173.432
49.820
0.000
0.000
0.000
0.000
0.000
0.000
0.000
0.000
0.000
0.000
0.000
0.000
0.000
0.000
65.245
252.226
464.847
685.805
833.806
852.566
712.904
535.720
277.240
76.085
0.000
0.000
0.000
0.000
0.000
0.000
0.000
0.000
0.000
0.000
0.000
0.000
0.000
0.000
8.338
44.817
100.265
156.547
252.226
266.818
239.719
175.516
94.012
27.932
0.000
0.000
0.000
0.000
0.000
0.000
0.000
0.000
0.000
0.000
0.000
0.000
0.000
0.000
30.017
159.257
233.466
341.860
375.213
421.072
387.720
321.015
216.789
69.206
0.000
0.000
0.000
0.000
0.000
0.000
0.000
0.000
0.000
0.000
0.000
0.000
0.000
0.000
22.721
84.006
180.519
268.902
302.255
245.973
194.277
128.823
69.623
17.927
0.000
0.000
0.000
0.000
0.000
0.000
0.000
0.000
0.000
0.000
0.000
0.000
0.000
0.000
6.879
39.606
94.428
131.116
180.102
194.694
198.446
216.789
177.601
62.327
0.000
0.000
0.000
0.000
0.000
0.000
0.000
0.000
0.000
0.000
0.000
0.000
0.000
0.000
55.657
184.479
373.128
585.748
725.411
717.073
589.917
431.494
262.649
63.578
0.000
0.000
0.000
0.000
0.000
0.000
0.000
0.000
0.000
0.000
0.000
0.000
0.000
0.000
31.268
196.361
398.142
519.044
585.748
585.748
569.072
425.241
216.789
33.561
0.000
0.000
0.000
0.000
0.000
0.000
0.000
0.000
0.000
0.000
0.000
0.000
0.000
0.000
13.341
66.496
143.206
264.733
373.128
421.072
362.705
237.635
99.848
19.594
0.000
0.000
0.000
0.000
0.000
0.000
0.000
0.000
0.000
0.000
0.000
0.000
0.000
0.000
7.713
49.195
155.296
273.071
346.029
421.072
431.494
373.128
231.381
57.324
0.000
0.000
0.000
0.000
0.000
0.000
0.000
0.000
0.000
0.000
0.000
0.000
0.000
0.000
27.307
97.764
168.429
208.451
212.620
227.212
195.111
168.429
91.510
23.972
0.000
0.000
0.000
0.000
0.000
0.000
0.000
0.000
0.000
0.000
0.000
0.000
0.000
0.000
12.507
25.848
66.496
133.409
223.043
262.649
275.156
179.894
81.713
16.468
0.000
0.000
0.000
0.000
0.000
0.000
0.000
0.000
0.000
0.000
0.000
0.000
0.000
0.000
15.634
85.257
173.640
300.170
498.199
644.115
610.763
466.931
245.973
50.445
0.000
0.000
0.000
0.000
0.000
0.000
0.000
0.000
0.000
0.000
0.000
0.000
0.000
0.000
18.969
137.161
310.593
475.269
596.171
633.692
604.509
439.832
223.043
31.685
0.000
0.000
0.000
0.000
0.000
0.000
0.000
0.000
0.000
0.000
0.000
0.000
0.000
0.000
11.465
80.671
185.313
275.156
337.691
362.705
339.776
266.818
140.496
23.347
0.000
0.000
0.000
0.000
0.000
0.000
0.000
0.000
0.000
0.000
0.000
0.000
0.000
0.000
12.090
42.107
110.062
183.437
189.691
172.181
149.043
105.685
52.530
9.172
0.000
0.000
0.000
0.000
0.000
0.000
0.000
0.000
0.000
0.000
0.000
0.000
0.000
0.000
12.299
43.149
112.147
177.392
201.781
186.564
153.003
125.488
58.158
11.882
0.000
0.000
0.000
0.000
0.000
0.000
0.000
0.000
0.000
0.000
0.000
0.000
0.000
0.000
5.837
38.980
74.417
92.761
110.896
90.885
71.916
48.778
33.144
9.797
0.000
0.000
0.000
0.000
0.000
0.000
0.000
0.000
0.000
0.000
0.000
0.000
0.000
0.000
2.918
26.682
63.161
84.840
103.183
107.144
98.598
68.581
39.189
16.885
0.000
0.000
0.000
0.000
0.000
0.000
0.000
0.000
0.000
0.000
0.000
0.000
0.000
0.000
11.882
16.051
36.687
68.789
109.437
214.705
235.550
214.705
139.454
17.718
0.000
0.000
0.000
0.000
0.000
0.000
0.000
0.000
0.000
0.000
0.000
0.000
0.000
0.000
15.634
57.324
85.465
113.814
131.116
100.474
73.375
50.445
23.972
1.876
0.000
0.000
0.000
0.000
0.000
0.000
0.000
0.000
0.000
0.000
0.000
0.000
0.000
0.000
10.423
49.611
139.871
256.395
191.358
216.789
137.161
102.975
39.397
8.755
0.000
0.000
0.000
0.000
0.000
0.000
0.000
0.000
0.000
0.000
0.000
0.000
0.000
0.000
8.338
39.189
103.392
137.369
177.601
173.848
150.710
101.307
32.102
9.172
0.000
0.000
0.000
0.000
0.000
0.000
0.000
0.000
0.000
0.000
0.000
0.000
0.000
0.000
7.296
51.696
146.541
243.888
287.663
243.888
182.603
118.400
53.364
8.130
0.000
0.000
0.000
0.000
0.000
0.000
0.000
0.000
0.000
0.000
0.000
0.000
0.000
0.000
11.256
117.567
291.832
418.987
450.255
418.987
304.339
131.950
34.603
1.459
0.000
0.000
0.000
0.000
0.000
0.000
0.000
0.000
0.000
0.000
0.000
0.000
0.000
0.000
6.670
107.561
220.958
339.776
487.776
631.608
566.988
371.043
162.801
10.631
0.000
0.000
0.000
0.000
0.000
0.000
0.000
0.000
0.000
0.000
0.000
0.000
0.000
0.000
0.000
23.972
71.499
136.119
153.629
138.412
75.668
43.358
19.178
0.000
0.000
0.000
0.000
0.000
0.000
0.000
0.000
0.000
0.000
0.000
0.000
0.000
0.000
0.000
0.000
32.102
107.352
163.426
191.358
194.277
170.513
120.276
38.772
0.000
0.000
0.000
0.000
0.000
0.000
0.000
0.000
0.000
0.000
0.000
0.000
0.000
0.000
0.000
8.755
34.394
164.051
333.522
375.213
385.635
323.100
189.274
53.572
0.000
0.000
0.000
0.000
0.000
0.000
0.000
0.000
0.000
0.000
0.000
0.000
0.000
0.000
0.000
0.000
34.394
80.671
107.978
110.479
96.096
77.127
69.623
43.149
3.127
0.000
0.000
0.000
0.000
0.000
0.000
0.000
0.000
0.000
0.000
0.000
0.000
0.000
0.000
10.631
79.837
225.128
289.747
306.424
262.649
205.742
125.279
53.364
6.045
0.000
0.000
0.000
0.000
0.000
0.000
0.000
0.000
0.000
0.000
0.000
0.000
0.000
0.000
0.000
23.347
81.296
129.031
148.000
154.462
139.871
119.443
42.941
0.000
0.000
0.000
0.000
0.000
0.000
0.000
0.000
0.000
0.000
0.000
0.000
0.000
0.000
0.000
0.000
19.803
89.009
190.525
302.255
387.720
408.565
285.578
101.516
21.054
0.000
0.000
0.000
0.000
0.000
0.000
0.000
0.000
0.000
0.000
0.000
0.000
0.000
0.000
0.000
41.482
235.550
456.509
650.368
685.805
552.396
306.424
80.671
0.000
0.000
0.000
0.000
0.000
0.000
0.000
0.000
0.000
0.000
0.000
0.000
0.000
0.000
0.000
0.000
55.865
186.564
352.283
446.086
473.185
371.043
173.640
64.828
10.839
0.000
0.000
0.000
0.000
0.000
0.000
0.000
0.000
0.000
0.000
0.000
0.000
0.000
0.000
0.000
61.910
220.958
393.973
466.931
393.973
331.438
163.217
39.814
0.000
0.000
0.000
0.000
0.000
0.000
0.000
0.000
0.000
0.000
0.000
0.000
0.000
0.000
0.000
0.000
23.138
66.913
100.265
111.730
130.907
134.660
105.268
37.730
0.000
0.000
0.000
0.000
0.000
0.000
0.000
0.000
0.000
0.000
0.000
0.000
0.000
0.000
0.000
0.000
33.561
95.471
235.550
364.790
412.734
341.860
225.128
70.457
0.000
0.000
0.000
0.000
0.000
0.000
0.000
0.000
0.000
0.000
0.000
0.000
0.000
0.000
0.000
0.000
34.394
159.674
254.311
321.015
277.240
198.654
111.105
33.352
0.000
0.000
0.000
0.000
0.000
0.000
0.000
0.000
0.000
0.000
0.000
0.000
0.000
0.000
0.000
0.000
14.592
68.372
126.738
179.268
210.536
143.415
84.214
24.806
0.000
0.000
0.000
0.000
0.000
0.000
0.000
0.000
0.000
0.000
0.000
0.000
0.000
0.000
0.000
0.000
70.457
243.888
279.325
191.567
114.440
82.130
53.780
22.096
0.000
0.000
0.000
0.000
0.000
0.000
0.000
0.000
0.000
0.000
0.000
0.000
0.000
0.000
0.000
0.000
13.758
45.026
97.972
119.651
129.031
94.220
53.364
15.425
0.000
0.000
0.000
0.000
0.000
0.000
0.000
0.000
0.000
0.000
0.000
0.000
0.000
0.000
0.000
0.000
15.217
54.197
94.428
103.392
111.521
85.465
50.654
13.132
0.000
0.000
0.000
0.000
0.000
0.000
0.000
0.000
0.000
0.000
0.000
0.000
0.000
0.000
0.000
0.000
14.800
60.242
124.445
216.789
262.649
220.958
108.812
29.183
0.000
0.000
0.000
0.000
0.000
0.000
0.000
0.000
0.000
0.000
0.000
0.000
0.000
0.000
0.000
0.000
20.637
148.417
268.902
304.339
279.325
214.705
110.896
26.265
0.000
0.000
0.000
0.000
0.000
0.000
0.000
0.000
0.000
0.000
0.000
0.000
0.000
0.000
0.000
0.000
12.924
36.479
60.034
70.665
79.212
75.459
63.369
17.927
0.000
0.000
0.000
0.000
0.000
0.000
0.000
0.000
0.000
0.000
0.000
0.000
0.000
0.000
0.000
0.000
41.899
227.212
400.227
475.269
421.072
308.508
152.586
43.566
0.000
0.000
0.000
0.000
0.000
0.000
0.000
0.000
0.000
0.000
0.000
0.000
0.000
0.000
0.000
0.000
10.006
50.654
68.789
88.592
100.057
92.344
63.161
20.845
0.000
0.000
0.000
0.000
0.000
0.000
0.000
0.000
0.000
0.000
0.000
0.000
0.000
0.000
0.000
0.000
28.975
85.465
122.569
163.426
145.708
134.660
77.335
21.679
0.000
0.000
0.000
0.000
0.000
0.000
0.000
0.000
0.000
0.000
0.000
0.000
0.000
0.000
0.000
0.000
10.423
52.947
137.995
256.395
302.255
300.170
204.908
61.285
0.000
0.000
0.000
0.000
0.000
0.000
0.000
0.000
0.000
0.000
0.000
0.000
0.000
0.000
0.000
0.000
8.755
61.285
182.812
310.593
362.705
377.297
258.480
65.454
0.000
0.000
0.000
0.000
0.000
0.000
0.000
0.000
0.000
0.000
0.000
0.000
0.000
0.000
0.000
0.000
29.600
210.536
398.142
510.706
508.621
396.058
214.705
48.152
0.000
0.000
0.000
0.000
0.000
0.000
0.000
0.000
0.000
0.000
0.000
0.000
0.000
0.000
0.000
0.000
16.051
62.535
120.485
157.381
163.426
140.288
71.290
16.468
0.000
0.000
0.000
0.000
0.000
0.000
0.000
0.000
0.000
0.000
0.000
0.000
0.000
0.000
0.000
0.000
14.592
49.820
120.902
162.592
208.451
220.958
142.372
42.733
0.000
0.000
0.000
0.000
0.000
0.000
0.000
0.000
0.000
0.000
0.000
0.000
0.000
0.000
0.000
0.000
8.547
23.347
50.445
70.457
73.375
61.702
35.645
11.882
0.000
0.000
0.000
0.000
0.000
0.000
0.000
0.000
0.000
0.000
0.000
0.000
0.000
0.000
0.000
0.000
6.670
43.149
97.347
127.364
114.440
90.468
53.780
20.220
0.000
0.000
0.000
0.000
0.000
0.000
0.000
0.000
0.000
0.000
0.000
0.000
0.000
0.000
0.000
0.000
5.003
36.271
84.214
132.367
140.913
120.276
70.040
23.555
0.000
0.000
0.000
0.000
0.000
0.000
0.000
0.000
0.000
0.000
0.000
0.000
0.000
0.000
0.000
0.000
8.755
23.972
46.693
55.448
52.113
39.606
21.054
7.713
0.000
0.000
0.000
0.000
0.000
0.000
0.000
0.000
0.000
0.000
0.000
0.000
0.000
0.000
0.000
0.000
8.963
48.778
107.352
157.798
141.747
115.482
70.873
20.637
0.000
0.000
0.000
0.000
0.000
0.000
0.000
0.000
0.000
0.000
0.000
0.000
0.000
0.000
0.000
0.000
6.254
44.400
92.344
139.246
138.412
99.014
54.823
23.555
0.000
0.000
0.000
0.000
0.000
0.000
0.000
0.000
0.000
0.000
0.000
0.000
0.000
0.000
0.000
0.000
8.130
68.164
151.961
167.386
160.508
126.738
73.166
22.930
0.000
0.000
0.000
0.000
0.000
0.000
0.000
0.000
0.000
0.000
0.000
0.000
0.000
0.000
0.000
0.000
7.296
44.817
124.654
177.392
159.465
106.936
69.206
26.473
0.000
0.000
0.000
0.000
0.000
0.000
0.000
0.000
0.000
0.000
0.000
0.000
0.000
0.000
0.000
0.000
5.837
81.296
225.128
306.424
296.001
256.395
154.671
48.778
0.000
0.000
0.000
0.000
0.000
0.000
0.000
0.000
0.000
0.000
0.000
0.000
0.000
0.000
0.000
0.000
12.716
122.569
129.657
98.806
76.919
83.797
103.392
37.730
0.000
0.000
0.000
0.000
0.000
0.000
0.000
0.000
0.000
0.000
0.000
0.000
0.000
0.000
0.000
0.000
12.299
31.893
84.840
113.398
108.395
84.631
47.944
13.341
0.000
0.000
0.000
0.000
0.000
0.000
0.000
0.000
0.000
0.000
0.000
0.000
0.000
0.000
0.000
0.000
11.048
179.268
398.142
558.650
554.481
427.325
227.212
56.699
0.000
0.000
0.000
0.000
0.000
0.000
0.000
0.000
0.000
0.000
0.000
0.000
0.000
0.000
0.000
0.000
8.130
49.403
90.885
136.953
256.395
335.607
275.156
77.544
0.000
0.000
0.000
0.000
0.000
0.000
0.000
0.000
0.000
0.000
0.000
0.000
0.000
0.000
0.000
0.000
16.259
40.023
61.076
62.952
65.662
48.778
35.020
11.465
0.000
0.000
0.000
0.000
0.000
0.000
0.000
0.000
0.000
0.000
0.000
0.000
0.000
0.000
0.000
0.000
22.096
42.107
99.640
134.451
130.282
117.983
76.502
26.682
0.000
0.000
0.000
0.000
0.000
0.000
0.000
0.000
0.000
0.000
0.000
0.000
0.000
0.000
0.000
0.000
0.000
41.899
116.107
167.386
169.679
142.372
76.919
21.262
0.000
0.000
0.000
0.000
0.000
0.000
0.000
0.000
0.000
0.000
0.000
0.000
0.000
0.000
0.000
0.000
15.425
101.724
241.804
354.367
335.607
190.316
104.643
36.687
0.000
0.000
0.000
0.000
0.000
0.000
0.000
0.000
0.000
0.000
0.000
0.000
0.000
0.000
0.000
0.000
10.214
100.682
346.029
506.537
554.481
458.593
266.818
79.628
0.000
0.000
0.000
0.000
0.000
0.000
0.000
0.000
0.000
0.000
0.000
0.000
0.000
0.000
0.000
0.000
4.794
24.597
61.910
100.057
103.392
67.955
34.811
9.589
0.000
0.000
0.000
0.000
0.000
0.000
0.000
0.000
0.000
0.000
0.000
0.000
0.000
0.000
0.000
0.000
9.589
171.972
391.889
489.861
462.762
360.621
185.522
36.479
0.000
0.000
0.000
0.000
0.000
0.000
0.000
0.000
