10.484
10.766
10.666
10.525
10.330
10.678
11.933
14.586
18.441
23.063
25.189
25.562
25.283
24.542
23.520
22.636
21.670
20.478
18.283
16.986
15.953
14.073
11.887
10.950
10.484
10.766
10.666
10.525
10.330
10.678
11.933
14.586
18.441
23.063
25.189
25.562
25.283
24.542
23.520
22.636
21.670
20.478
18.283
16.986
15.953
14.073
11.887
10.950
10.483
10.363
10.046
9.901
9.720
9.720
10.419
11.852
13.045
15.061
16.688
17.209
17.157
16.921
16.292
15.779
15.687
15.793
15.019
14.092
13.238
12.024
10.930
10.623
9.858
10.121
9.841
9.678
9.423
9.377
9.981
11.099
11.592
12.411
13.760
14.488
15.069
15.211
14.826
14.569
14.143
13.706
13.059
12.404
11.828
10.954
9.919
10.035
10.484
10.766
10.666
10.525
10.330
10.678
11.933
14.586
18.441
23.063
25.189
25.562
25.283
24.542
23.520
22.636
21.670
20.478
18.283
16.986
15.953
14.073
11.887
10.950
10.484
10.766
10.666
10.525
10.330
10.678
11.933
14.586
18.441
23.063
25.189
25.562
25.283
24.542
23.520
22.636
21.670
20.478
18.283
16.986
15.953
14.073
11.887
10.950
10.484
10.766
10.666
10.525
10.330
10.678
11.933
14.586
18.441
23.063
25.189
25.562
25.283
24.542
23.520
22.636
21.670
20.478
18.283
16.986
15.953
14.073
11.887
10.950
10.484
10.766
10.666
10.525
10.330
10.678
11.933
14.586
18.441
23.063
25.189
25.562
25.283
24.542
23.520
22.636
21.670
20.478
18.283
16.986
15.953
14.073
11.887
10.950
10.484
10.766
10.666
10.525
10.330
10.678
11.933
14.586
18.441
23.063
25.189
25.562
25.283
24.542
23.520
22.636
21.670
20.478
18.283
16.986
15.953
14.073
11.887
10.950
10.483
10.363
10.046
9.901
9.720
9.720
10.419
11.852
13.045
15.061
16.688
17.209
17.157
16.921
16.292
15.779
15.687
15.793
15.019
14.092
13.238
12.024
10.930
10.623
9.858
10.121
9.841
9.678
9.423
9.377
9.981
11.099
11.592
12.411
13.760
14.488
15.069
15.211
14.826
14.569
14.143
13.706
13.059
12.404
11.828
10.954
9.919
10.035
10.484
10.766
10.666
10.525
10.330
10.678
11.933
14.586
18.441
23.063
25.189
25.562
25.283
24.542
23.520
22.636
21.670
20.478
18.283
16.986
15.953
14.073
11.887
10.950
10.484
10.766
10.666
10.525
10.330
10.678
11.933
14.586
18.441
23.063
25.189
25.562
25.283
24.542
23.520
22.636
21.670
20.478
18.283
16.986
15.953
14.073
11.887
10.950
10.484
10.766
10.666
10.525
10.330
10.678
11.933
14.586
18.441
23.063
25.189
25.562
25.283
24.542
23.520
22.636
21.670
20.478
18.283
16.986
15.953
14.073
11.887
10.950
10.484
10.766
10.666
10.525
10.330
10.678
11.933
14.586
18.441
23.063
25.189
25.562
25.283
24.542
23.520
22.636
21.670
20.478
18.283
16.986
15.953
14.073
11.887
10.950
10.484
10.766
10.666
10.525
10.330
10.678
11.933
14.586
18.441
23.063
25.189
25.562
25.283
24.542
23.520
22.636
21.670
20.478
18.283
16.986
15.953
14.073
11.887
10.950
10.483
10.363
10.046
9.901
9.720
9.720
10.419
11.852
13.045
15.061
16.688
17.209
17.157
16.921
16.292
15.779
15.687
15.793
15.019
14.092
13.238
12.024
10.930
10.623
9.858
10.121
9.841
9.678
9.423
9.377
9.981
11.099
11.592
12.411
13.760
14.488
15.069
15.211
14.826
14.569
14.143
13.706
13.059
12.404
11.828
10.954
9.919
10.035
10.484
10.766
10.666
10.525
10.330
10.678
11.933
14.586
18.441
23.063
25.189
25.562
25.283
24.542
23.520
22.636
21.670
20.478
18.283
16.986
15.953
14.073
11.887
10.950
10.484
10.766
10.666
10.525
10.330
10.678
11.933
14.586
18.441
23.063
25.189
25.562
25.283
24.542
23.520
22.636
21.670
20.478
18.283
16.986
15.953
14.073
11.887
10.950
10.484
10.766
10.666
10.525
10.330
10.678
11.933
14.586
18.441
23.063
25.189
25.562
25.283
24.542
23.520
22.636
21.670
20.478
18.283
16.986
15.953
14.073
11.887
10.950
10.484
10.766
10.666
10.525
10.330
10.678
11.933
14.586
18.441
23.063
25.189
25.562
25.283
24.542
23.520
22.636
21.670
20.478
18.283
16.986
15.953
14.073
11.887
10.950
10.484
10.766
10.666
10.525
10.330
10.678
11.933
14.586
18.441
23.063
25.189
25.562
25.283
24.542
23.520
22.636
21.670
20.478
18.283
16.986
15.953
14.073
11.887
10.950
10.483
10.363
10.046
9.901
9.720
9.720
10.419
11.852
13.045
15.061
16.688
17.209
17.157
16.921
16.292
15.779
15.687
15.793
15.019
14.092
13.238
12.024
10.930
10.623
9.858
10.121
9.841
9.678
9.423
9.377
9.981
11.099
11.592
12.411
13.760
14.488
15.069
15.211
14.826
14.569
14.143
13.706
13.059
12.404
11.828
10.954
9.919
10.035
10.484
10.766
10.666
10.525
10.330
10.678
11.933
14.586
18.441
23.063
25.189
25.562
25.283
24.542
23.520
22.636
21.670
20.478
18.283
16.986
15.953
14.073
11.887
10.950
10.484
10.766
10.666
10.525
10.330
10.678
11.933
14.586
18.441
23.063
25.189
25.562
25.283
24.542
23.520
22.636
21.670
20.478
18.283
16.986
15.953
14.073
11.887
10.950
10.484
10.766
10.666
10.525
10.330
10.678
11.933
14.586
18.441
23.063
25.189
25.562
25.283
24.542
23.520
22.636
21.670
20.478
18.283
16.986
15.953
14.073
11.887
10.950
10.484
10.766
10.666
10.525
10.330
10.678
11.933
14.586
18.441
23.063
25.189
25.562
25.283
24.542
23.520
22.636
21.670
20.478
18.283
16.986
15.953
14.073
11.887
10.950
10.484
10.766
10.666
10.525
10.330
10.678
11.933
14.586
18.441
23.063
25.189
25.562
25.283
24.542
23.520
22.636
21.670
20.478
18.283
16.986
15.953
14.073
11.887
10.950
10.483
10.363
10.046
9.901
9.720
9.720
10.419
11.852
13.045
15.061
16.688
17.209
17.157
16.921
16.292
15.779
15.687
15.793
15.019
14.092
13.238
12.024
10.930
10.623
9.874
10.137
9.856
9.694
9.438
9.392
9.997
11.117
11.610
12.431
13.782
14.511
15.093
15.235
14.850
14.592
14.166
13.728
13.079
12.423
11.846
10.972
9.934
10.051
10.501
10.783
10.683
10.542
10.346
10.695
11.952
14.609
18.470
23.100
25.229
25.602
25.323
24.581
23.557
22.672
21.704
20.510
18.312
17.013
15.978
14.095
11.905
10.967
10.501
10.783
10.683
10.542
10.346
10.695
11.952
14.609
18.470
23.100
25.229
25.602
25.323
24.581
23.557
22.672
21.704
20.510
18.312
17.013
15.978
14.095
11.905
10.967
10.501
10.783
10.683
10.542
10.346
10.695
11.952
14.609
18.470
23.100
25.229
25.602
25.323
24.581
23.557
22.672
21.704
20.510
18.312
17.013
15.978
14.095
11.905
10.967
10.501
10.783
10.683
10.542
10.346
10.695
11.952
14.609
18.470
23.100
25.229
25.602
25.323
24.581
23.557
22.672
21.704
20.510
18.312
17.013
15.978
14.095
11.905
10.967
10.501
10.783
10.683
10.542
10.346
10.695
11.952
14.609
18.470
23.100
25.229
25.602
25.323
24.581
23.557
22.672
21.704
20.510
18.312
17.013
15.978
14.095
11.905
10.967
10.499
10.379
10.062
9.917
9.735
9.735
10.435
11.870
13.065
15.085
16.714
17.236
17.184
16.947
16.318
15.804
15.712
15.818
15.043
14.114
13.259
12.043
10.947
10.640
9.874
10.137
9.856
9.694
9.438
9.392
9.997
11.117
11.610
12.431
13.782
14.511
15.093
15.235
14.850
14.592
14.166
13.728
13.079
12.423
11.846
10.972
9.934
10.051
10.501
10.783
10.683
10.542
10.346
10.695
11.952
14.609
18.470
23.100
25.229
25.602
25.323
24.581
23.557
22.672
21.704
20.510
18.312
17.013
15.978
14.095
11.905
10.967
10.501
10.783
10.683
10.542
10.346
10.695
11.952
14.609
18.470
23.100
25.229
25.602
25.323
24.581
23.557
22.672
21.704
20.510
18.312
17.013
15.978
14.095
11.905
10.967
10.501
10.783
10.683
10.542
10.346
10.695
11.952
14.609
18.470
23.100
25.229
25.602
25.323
24.581
23.557
22.672
21.704
20.510
18.312
17.013
15.978
14.095
11.905
10.967
10.501
10.783
10.683
10.542
10.346
10.695
11.952
14.609
18.470
23.100
25.229
25.602
25.323
24.581
23.557
22.672
21.704
20.510
18.312
17.013
15.978
14.095
11.905
10.967
10.501
10.783
10.683
10.542
10.346
10.695
11.952
14.609
18.470
23.100
25.229
25.602
25.323
24.581
23.557
22.672
21.704
20.510
18.312
17.013
15.978
14.095
11.905
10.967
10.499
10.379
10.062
9.917
9.735
9.735
10.435
11.870
13.065
15.085
16.714
17.236
17.184
16.947
16.318
15.804
15.712
15.818
15.043
14.114
13.259
12.043
10.947
10.640
9.874
10.137
9.856
9.694
9.438
9.392
9.997
11.117
11.610
12.431
13.782
14.511
15.093
15.235
14.850
14.592
14.166
13.728
13.079
12.423
11.846
10.972
9.934
10.051
10.501
10.783
10.683
10.542
10.346
10.695
11.952
14.609
18.470
23.100
25.229
25.602
25.323
24.581
23.557
22.672
21.704
20.510
18.312
17.013
15.978
14.095
11.905
10.967
10.501
10.783
10.683
10.542
10.346
10.695
11.952
14.609
18.470
23.100
25.229
25.602
25.323
24.581
23.557
22.672
21.704
20.510
18.312
17.013
15.978
14.095
11.905
10.967
10.501
10.783
10.683
10.542
10.346
10.695
11.952
14.609
18.470
23.100
25.229
25.602
25.323
24.581
23.557
22.672
21.704
20.510
18.312
17.013
15.978
14.095
11.905
10.967
10.501
10.783
10.683
10.542
10.346
10.695
11.952
14.609
18.470
23.100
25.229
25.602
25.323
24.581
23.557
22.672
21.704
20.510
18.312
17.013
15.978
14.095
11.905
10.967
10.501
10.783
10.683
10.542
10.346
10.695
11.952
14.609
18.470
23.100
25.229
25.602
25.323
24.581
23.557
22.672
21.704
20.510
18.312
17.013
15.978
14.095
11.905
10.967
10.499
10.379
10.062
9.917
9.735
9.735
10.435
11.870
13.065
15.085
16.714
17.236
17.184
16.947
16.318
15.804
15.712
15.818
15.043
14.114
13.259
12.043
10.947
10.640
9.874
10.137
9.856
9.694
9.438
9.392
9.997
11.117
11.610
12.431
13.782
14.511
15.093
15.235
14.850
14.592
14.166
13.728
13.079
12.423
11.846
10.972
9.934
10.051
10.501
10.783
10.683
10.542
10.346
10.695
11.952
14.609
18.470
23.100
25.229
25.602
25.323
24.581
23.557
22.672
21.704
20.510
18.312
17.013
15.978
14.095
11.905
10.967
10.501
10.783
10.683
10.542
10.346
10.695
11.952
14.609
18.470
23.100
25.229
25.602
25.323
24.581
23.557
22.672
21.704
20.510
18.312
17.013
15.978
14.095
11.905
10.967
10.501
10.783
10.683
10.542
10.346
10.695
11.952
14.609
18.470
23.100
25.229
25.602
25.323
24.581
23.557
22.672
21.704
20.510
18.312
17.013
15.978
14.095
11.905
10.967
10.501
10.783
10.683
10.542
10.346
10.695
11.952
14.609
18.470
23.100
25.229
25.602
25.323
24.581
23.557
22.672
21.704
20.510
18.312
17.013
15.978
14.095
11.905
10.967
10.501
10.783
10.683
10.542
10.346
10.695
11.952
14.609
18.470
23.100
25.229
25.602
25.323
24.581
23.557
22.672
21.704
20.510
18.312
17.013
15.978
14.095
11.905
10.967
10.499
10.379
10.062
9.917
9.735
9.735
10.435
11.870
13.065
15.085
16.714
17.236
17.184
16.947
16.318
15.804
15.712
15.818
15.043
14.114
13.259
12.043
10.947
10.640
10.288
10.562
10.270
10.100
9.834
9.785
10.416
11.582
12.097
12.952
14.359
15.119
15.725
15.873
15.472
15.204
14.759
14.303
13.627
12.944
12.343
11.431
10.350
10.472
10.941
11.235
11.131
10.983
10.780
11.143
12.453
15.221
19.244
24.068
26.286
26.675
26.384
25.611
24.545
23.622
22.614
21.370
19.079
17.726
16.648
14.686
12.404
11.427
10.941
11.235
11.131
10.983
10.780
11.143
12.453
15.221
19.244
24.068
26.286
26.675
26.384
25.611
24.545
23.622
22.614
21.370
19.079
17.726
16.648
14.686
12.404
11.427
10.941
11.235
11.131
10.983
10.780
11.143
12.453
15.221
19.244
24.068
26.286
26.675
26.384
25.611
24.545
23.622
22.614
21.370
19.079
17.726
16.648
14.686
12.404
11.427
10.941
11.235
11.131
10.983
10.780
11.143
12.453
15.221
19.244
24.068
26.286
26.675
26.384
25.611
24.545
23.622
22.614
21.370
19.079
17.726
16.648
14.686
12.404
11.427
10.941
11.235
11.131
10.983
10.780
11.143
12.453
15.221
19.244
24.068
26.286
26.675
26.384
25.611
24.545
23.622
22.614
21.370
19.079
17.726
16.648
14.686
12.404
11.427
10.939
10.814
10.484
10.333
10.143
10.143
10.873
12.368
13.613
15.717
17.415
17.958
17.904
17.658
17.001
16.466
16.370
16.481
15.673
14.706
13.814
12.547
11.406
11.085
10.288
10.562
10.270
10.100
9.834
9.785
10.416
11.582
12.097
12.952
14.359
15.119
15.725
15.873
15.472
15.204
14.759
14.303
13.627
12.944
12.343
11.431
10.350
10.472
10.941
11.235
11.131
10.983
10.780
11.143
12.453
15.221
19.244
24.068
26.286
26.675
26.384
25.611
24.545
23.622
22.614
21.370
19.079
17.726
16.648
14.686
12.404
11.427
10.941
11.235
11.131
10.983
10.780
11.143
12.453
15.221
19.244
24.068
26.286
26.675
26.384
25.611
24.545
23.622
22.614
21.370
19.079
17.726
16.648
14.686
12.404
11.427
10.941
11.235
11.131
10.983
10.780
11.143
12.453
15.221
19.244
24.068
26.286
26.675
26.384
25.611
24.545
23.622
22.614
21.370
19.079
17.726
16.648
14.686
12.404
11.427
10.941
11.235
11.131
10.983
10.780
11.143
12.453
15.221
19.244
24.068
26.286
26.675
26.384
25.611
24.545
23.622
22.614
21.370
19.079
17.726
16.648
14.686
12.404
11.427
10.941
11.235
11.131
10.983
10.780
11.143
12.453
15.221
19.244
24.068
26.286
26.675
26.384
25.611
24.545
23.622
22.614
21.370
19.079
17.726
16.648
14.686
12.404
11.427
10.939
10.814
10.484
10.333
10.143
10.143
10.873
12.368
13.613
15.717
17.415
17.958
17.904
17.658
17.001
16.466
16.370
16.481
15.673
14.706
13.814
12.547
11.406
11.085
10.288
10.562
10.270
10.100
9.834
9.785
10.416
11.582
12.097
12.952
14.359
15.119
15.725
15.873
15.472
15.204
14.759
14.303
13.627
12.944
12.343
11.431
10.350
10.472
10.941
11.235
11.131
10.983
10.780
11.143
12.453
15.221
19.244
24.068
26.286
26.675
26.384
25.611
24.545
23.622
22.614
21.370
19.079
17.726
16.648
14.686
12.404
11.427
10.941
11.235
11.131
10.983
10.780
11.143
12.453
15.221
19.244
24.068
26.286
26.675
26.384
25.611
24.545
23.622
22.614
21.370
19.079
17.726
16.648
14.686
12.404
11.427
10.941
11.235
11.131
10.983
10.780
11.143
12.453
15.221
19.244
24.068
26.286
26.675
26.384
25.611
24.545
23.622
22.614
21.370
19.079
17.726
16.648
14.686
12.404
11.427
10.941
11.235
11.131
10.983
10.780
11.143
12.453
15.221
19.244
24.068
26.286
26.675
26.384
25.611
24.545
23.622
22.614
21.370
19.079
17.726
16.648
14.686
12.404
11.427
10.941
11.235
11.131
10.983
10.780
11.143
12.453
15.221
19.244
24.068
26.286
26.675
26.384
25.611
24.545
23.622
22.614
21.370
19.079
17.726
16.648
14.686
12.404
11.427
10.939
10.814
10.484
10.333
10.143
10.143
10.873
12.368
13.613
15.717
17.415
17.958
17.904
17.658
17.001
16.466
16.370
16.481
15.673
14.706
13.814
12.547
11.406
11.085
10.288
10.562
10.270
10.100
9.834
9.785
10.416
11.582
12.097
12.952
14.359
15.119
15.725
15.873
15.472
15.204
14.759
14.303
13.627
12.944
12.343
11.431
10.350
10.472
10.941
11.235
11.131
10.983
10.780
11.143
12.453
15.221
19.244
24.068
26.286
26.675
26.384
25.611
24.545
23.622
22.614
21.370
19.079
17.726
16.648
14.686
12.404
11.427
10.941
11.235
11.131
10.983
10.780
11.143
12.453
15.221
19.244
24.068
26.286
26.675
26.384
25.611
24.545
23.622
22.614
21.370
19.079
17.726
16.648
14.686
12.404
11.427
10.941
11.235
11.131
10.983
10.780
11.143
12.453
15.221
19.244
24.068
26.286
26.675
26.384
25.611
24.545
23.622
22.614
21.370
19.079
17.726
16.648
14.686
12.404
11.427
10.941
11.235
11.131
10.983
10.780
11.143
12.453
15.221
19.244
24.068
26.286
26.675
26.384
25.611
24.545
23.622
22.614
21.370
19.079
17.726
16.648
14.686
12.404
11.427
10.941
11.235
11.131
10.983
10.780
11.143
12.453
15.221
19.244
24.068
26.286
26.675
26.384
25.611
24.545
23.622
22.614
21.370
19.079
17.726
16.648
14.686
12.404
11.427
10.939
10.814
10.484
10.333
10.143
10.143
10.873
12.368
13.613
15.717
17.415
17.958
17.904
17.658
17.001
16.466
16.370
16.481
15.673
14.706
13.814
12.547
11.406
11.085
5.544
7.652
8.018
7.992
7.867
7.735
8.030
8.613
9.005
10.004
10.520
10.780
10.727
10.442
10.107
9.834
9.385
8.403
7.635
7.791
8.094
8.101
7.290
5.544
8.141
8.345
8.179
7.992
8.052
9.001
10.535
13.544
17.199
18.553
18.922
18.515
17.779
17.110
16.146
15.211
13.752
11.757
10.527
10.327
10.246
9.270
8.412
8.175
8.141
8.345
8.179
7.992
8.052
9.001
10.535
13.544
17.199
18.553
18.922
18.515
17.779
17.110
16.146
15.211
13.752
11.757
10.527
10.327
10.246
9.270
8.412
8.175
8.517
8.731
8.558
8.362
8.424
9.417
11.022
14.171
17.994
19.412
19.797
19.372
18.602
17.902
16.893
15.915
14.389
12.301
11.014
10.805
10.721
9.698
8.802
8.553
8.517
8.731
8.558
8.362
8.424
9.417
11.022
14.171
17.994
19.412
19.797
19.372
18.602
17.902
16.893
15.915
14.389
12.301
11.014
10.805
10.721
9.698
8.802
8.553
8.517
8.731
8.558
8.362
8.424
9.417
11.022
14.171
17.994
19.412
19.797
19.372
18.602
17.902
16.893
15.915
14.389
12.301
11.014
10.805
10.721
9.698
8.802
8.553
8.031
7.873
7.839
7.750
7.765
7.901
8.524
9.436
11.775
12.612
12.566
12.354
11.968
11.621
10.561
10.030
10.161
9.732
8.633
8.611
9.166
8.609
8.187
7.874
8.006
8.389
8.362
8.231
8.093
8.401
9.011
9.421
10.467
11.007
11.279
11.224
10.925
10.574
10.289
9.819
8.792
7.988
8.151
8.469
8.476
7.628
7.250
5.800
8.517
8.731
8.558
8.362
8.424
9.417
11.022
14.171
17.994
19.412
19.797
19.372
18.602
17.902
16.893
15.915
14.389
12.301
11.014
10.805
10.721
9.698
8.802
8.553
8.517
8.731
8.558
8.362
8.424
9.417
11.022
14.171
17.994
19.412
19.797
19.372
18.602
17.902
16.893
15.915
14.389
12.301
11.014
10.805
10.721
9.698
8.802
8.553
8.517
8.731
8.558
8.362
8.424
9.417
11.022
14.171
17.994
19.412
19.797
19.372
18.602
17.902
16.893
15.915
14.389
12.301
11.014
10.805
10.721
9.698
8.802
8.553
8.517
8.731
8.558
8.362
8.424
9.417
11.022
14.171
17.994
19.412
19.797
19.372
18.602
17.902
16.893
15.915
14.389
12.301
11.014
10.805
10.721
9.698
8.802
8.553
8.517
8.731
8.558
8.362
8.424
9.417
11.022
14.171
17.994
19.412
19.797
19.372
18.602
17.902
16.893
15.915
14.389
12.301
11.014
10.805
10.721
9.698
8.802
8.553
8.031
7.873
7.839
7.750
7.765
7.901
8.524
9.436
11.775
12.612
12.566
12.354
11.968
11.621
10.561
10.030
10.161
9.732
8.633
8.611
9.166
8.609
8.187
7.874
8.006
8.389
8.362
8.231
8.093
8.401
9.011
9.421
10.467
11.007
11.279
11.224
10.925
10.574
10.289
9.819
8.792
7.988
8.151
8.469
8.476
7.628
7.250
5.800
8.517
8.731
8.558
8.362
8.424
9.417
11.022
14.171
17.994
19.412
19.797
19.372
18.602
17.902
16.893
15.915
14.389
12.301
11.014
10.805
10.721
9.698
8.802
8.553
8.517
8.731
8.558
8.362
8.424
9.417
11.022
14.171
17.994
19.412
19.797
19.372
18.602
17.902
16.893
15.915
14.389
12.301
11.014
10.805
10.721
9.698
8.802
8.553
8.517
8.731
8.558
8.362
8.424
9.417
11.022
14.171
17.994
19.412
19.797
19.372
18.602
17.902
16.893
15.915
14.389
12.301
11.014
10.805
10.721
9.698
8.802
8.553
8.517
8.731
8.558
8.362
8.424
9.417
11.022
14.171
17.994
19.412
19.797
19.372
18.602
17.902
16.893
15.915
14.389
12.301
11.014
10.805
10.721
9.698
8.802
8.553
8.517
8.731
8.558
8.362
8.424
9.417
11.022
14.171
17.994
19.412
19.797
19.372
18.602
17.902
16.893
15.915
14.389
12.301
11.014
10.805
10.721
9.698
8.802
8.553
6.643
6.286
6.096
6.072
5.648
5.402
6.275
7.439
9.299
10.717
11.134
11.375
11.450
11.417
10.972
10.790
10.496
9.538
8.629
8.153
7.577
7.409
7.374
6.925
6.268
6.216
5.897
5.763
5.473
5.217
6.143
6.604
7.337
8.342
9.131
9.507
9.800
9.680
9.432
9.185
8.584
7.988
7.589
7.419
7.323
6.987
6.582
6.488
6.539
6.444
6.284
6.246
6.016
6.123
7.887
11.120
14.594
16.138
16.837
16.690
16.319
15.817
15.254
14.576
13.489
11.336
10.241
9.554
8.602
8.127
7.587
7.027
6.539
6.444
6.284
6.246
6.016
6.123
7.887
11.120
14.594
16.138
16.837
16.690
16.319
15.817
15.254
14.576
13.489
11.336
10.241
9.554
8.602
8.127
7.587
7.027
6.539
6.444
6.284
6.246
6.016
6.123
7.887
11.120
14.594
16.138
16.837
16.690
16.319
15.817
15.254
14.576
13.489
11.336
10.241
9.554
8.602
8.127
7.587
7.027
6.539
6.444
6.284
6.246
6.016
6.123
7.887
11.120
14.594
16.138
16.837
16.690
16.319
15.817
15.254
14.576
13.489
11.336
10.241
9.554
8.602
8.127
7.587
7.027
6.539
6.444
6.284
6.246
6.016
6.123
7.887
11.120
14.594
16.138
16.837
16.690
16.319
15.817
15.254
14.576
13.489
11.336
10.241
9.554
8.602
8.127
7.587
7.027
6.643
6.286
6.096
6.072
5.648
5.402
6.275
7.439
9.299
10.717
11.134
11.375
11.450
11.417
10.972
10.790
10.496
9.538
8.629
8.153
7.577
7.409
7.374
6.925
6.268
6.216
5.897
5.763
5.473
5.217
6.143
6.604
7.337
8.342
9.131
9.507
9.800
9.680
9.432
9.185
8.584
7.988
7.589
7.419
7.323
6.987
6.582
6.488
6.539
6.444
6.284
6.246
6.016
6.123
7.887
11.120
14.594
16.138
16.837
16.690
16.319
15.817
15.254
14.576
13.489
11.336
10.241
9.554
8.602
8.127
7.587
7.027
6.539
6.444
6.284
6.246
6.016
6.123
7.887
11.120
14.594
16.138
16.837
16.690
16.319
15.817
15.254
14.576
13.489
11.336
10.241
9.554
8.602
8.127
7.587
7.027
6.539
6.444
6.284
6.246
6.016
6.123
7.887
11.120
14.594
16.138
16.837
16.690
16.319
15.817
15.254
14.576
13.489
11.336
10.241
9.554
8.602
8.127
7.587
7.027
6.539
6.444
6.284
6.246
6.016
6.123
7.887
11.120
14.594
16.138
16.837
16.690
16.319
15.817
15.254
14.576
13.489
11.336
10.241
9.554
8.602
8.127
7.587
7.027
7.050
6.947
6.774
6.734
6.486
6.602
8.502
11.988
15.734
17.399
18.152
17.994
17.593
17.053
16.446
15.714
14.543
12.221
11.041
10.300
9.274
8.762
8.179
7.575
7.162
6.777
6.572
6.547
6.089
5.824
6.765
8.021
10.026
11.554
12.004
12.264
12.344
12.309
11.829
11.632
11.316
10.283
9.303
8.789
8.169
7.988
7.950
7.466
6.758
6.702
6.358
6.213
5.900
5.625
6.622
7.120
7.910
8.994
9.844
10.250
10.565
10.436
10.169
9.903
9.254
8.612
8.182
7.998
7.895
7.532
7.096
6.994
7.050
6.947
6.774
6.734
6.486
6.602
8.502
11.988
15.734
17.399
18.152
17.994
17.593
17.053
16.446
15.714
14.543
12.221
11.041
10.300
9.274
8.762
8.179
7.575
7.050
6.947
6.774
6.734
6.486
6.602
8.502
11.988
15.734
17.399
18.152
17.994
17.593
17.053
16.446
15.714
14.543
12.221
11.041
10.300
9.274
8.762
8.179
7.575
7.050
6.947
6.774
6.734
6.486
6.602
8.502
11.988
15.734
17.399
18.152
17.994
17.593
17.053
16.446
15.714
14.543
12.221
11.041
10.300
9.274
8.762
8.179
7.575
7.050
6.947
6.774
6.734
6.486
6.602
8.502
11.988
15.734
17.399
18.152
17.994
17.593
17.053
16.446
15.714
14.543
12.221
11.041
10.300
9.274
8.762
8.179
7.575
7.050
6.947
6.774
6.734
6.486
6.602
8.502
11.988
15.734
17.399
18.152
17.994
17.593
17.053
16.446
15.714
14.543
12.221
11.041
10.300
9.274
8.762
8.179
7.575
7.162
6.777
6.572
6.547
6.089
5.824
6.765
8.021
10.026
11.554
12.004
12.264
12.344
12.309
11.829
11.632
11.316
10.283
9.303
8.789
8.169
7.988
7.950
7.466
6.758
6.702
6.358
6.213
5.900
5.625
6.622
7.120
7.910
8.994
9.844
10.250
10.565
10.436
10.169
9.903
9.254
8.612
8.182
7.998
7.895
7.532
7.096
6.994
7.050
6.947
6.774
6.734
6.486
6.602
8.502
11.988
15.734
17.399
18.152
17.994
17.593
17.053
16.446
15.714
14.543
12.221
11.041
10.300
9.274
8.762
8.179
7.575
7.050
6.947
6.774
6.734
6.486
6.602
8.502
11.988
15.734
17.399
18.152
17.994
17.593
17.053
16.446
15.714
14.543
12.221
11.041
10.300
9.274
8.762
8.179
7.575
7.050
6.947
6.774
6.734
6.486
6.602
8.502
11.988
15.734
17.399
18.152
17.994
17.593
17.053
16.446
15.714
14.543
12.221
11.041
10.300
9.274
8.762
8.179
7.575
7.050
6.947
6.774
6.734
6.486
6.602
8.502
11.988
15.734
17.399
18.152
17.994
17.593
17.053
16.446
15.714
14.543
12.221
11.041
10.300
9.274
8.762
8.179
7.575
7.050
6.947
6.774
6.734
6.486
6.602
8.502
11.988
15.734
17.399
18.152
17.994
17.593
17.053
16.446
15.714
14.543
12.221
11.041
10.300
9.274
8.762
8.179
7.575
7.162
6.777
6.572
6.547
6.089
5.824
6.765
8.021
10.026
11.554
12.004
12.264
12.344
12.309
11.829
11.632
11.316
10.283
9.303
8.789
8.169
7.988
7.950
7.466
6.758
6.702
6.358
6.213
5.900
5.625
6.622
7.120
7.910
8.994
9.844
10.250
10.565
10.436
10.169
9.903
9.254
8.612
8.182
7.998
7.895
7.532
7.096
6.994
7.050
6.947
6.774
6.734
6.486
6.602
8.502
11.988
15.734
17.399
18.152
17.994
17.593
17.053
16.446
15.714
14.543
12.221
11.041
10.300
9.274
8.762
8.179
7.575
7.050
6.947
6.774
6.734
6.486
6.602
8.502
11.988
15.734
17.399
18.152
17.994
17.593
17.053
16.446
15.714
14.543
12.221
11.041
10.300
9.274
8.762
8.179
7.575
7.050
6.947
6.774
6.734
6.486
6.602
8.502
11.988
15.734
17.399
18.152
17.994
17.593
17.053
16.446
15.714
14.543
12.221
11.041
10.300
9.274
8.762
8.179
7.575
7.050
6.947
6.774
6.734
6.486
6.602
8.502
11.988
15.734
17.399
18.152
17.994
17.593
17.053
16.446
15.714
14.543
12.221
11.041
10.300
9.274
8.762
8.179
7.575
7.050
6.947
6.774
6.734
6.486
6.602
8.502
11.988
15.734
17.399
18.152
17.994
17.593
17.053
16.446
15.714
14.543
12.221
11.041
10.300
9.274
8.762
8.179
7.575
7.162
6.777
6.572
6.547
6.089
5.824
6.765
8.021
10.026
11.554
12.004
12.264
12.344
12.309
11.829
11.632
11.316
10.283
9.303
8.789
8.169
7.988
7.950
7.466
6.758
6.702
6.358
6.213
5.900
5.625
6.622
7.120
7.910
8.994
9.844
10.250
10.565
10.436
10.169
9.903
9.254
8.612
8.182
7.998
7.895
7.532
7.096
6.994
7.050
6.947
6.774
6.734
6.486
6.602
8.502
11.988
15.734
17.399
18.152
17.994
17.593
17.053
16.446
15.714
14.543
12.221
11.041
10.300
9.274
8.762
8.179
7.575
7.050
6.947
6.774
6.734
6.486
6.602
8.502
11.988
15.734
17.399
18.152
17.994
17.593
17.053
16.446
15.714
14.543
12.221
11.041
10.300
9.274
8.762
8.179
7.575
7.050
6.947
6.774
6.734
6.486
6.602
8.502
11.988
15.734
17.399
18.152
17.994
17.593
17.053
16.446
15.714
14.543
12.221
11.041
10.300
9.274
8.762
8.179
7.575
7.050
6.947
6.774
6.734
6.486
6.602
8.502
11.988
15.734
17.399
18.152
17.994
17.593
17.053
16.446
15.714
14.543
12.221
11.041
10.300
9.274
8.762
8.179
7.575
7.050
6.947
6.774
6.734
6.486
6.602
8.502
11.988
15.734
17.399
18.152
17.994
17.593
17.053
16.446
15.714
14.543
12.221
11.041
10.300
9.274
8.762
8.179
7.575
7.162
6.777
6.572
6.547
6.089
5.824
6.765
8.021
10.026
11.554
12.004
12.264
12.344
12.309
11.829
11.632
11.316
10.283
9.303
8.789
8.169
7.988
7.950
7.466
6.758
6.702
6.358
6.213
5.900
5.625
6.622
7.120
7.910
8.994
9.844
10.250
10.565
10.436
10.169
9.903
9.254
8.612
8.182
7.998
7.895
7.532
7.096
6.994
7.576
7.466
7.280
7.237
6.970
7.094
9.137
12.883
16.909
18.697
19.506
19.337
18.906
18.325
17.673
16.887
15.628
13.134
11.865
11.068
9.966
9.416
8.790
8.141
7.576
7.466
7.280
7.237
6.970
7.094
9.137
12.883
16.909
18.697
19.506
19.337
18.906
18.325
17.673
16.887
15.628
13.134
11.865
11.068
9.966
9.416
8.790
8.141
7.576
7.466
7.280
7.237
6.970
7.094
9.137
12.883
16.909
18.697
19.506
19.337
18.906
18.325
17.673
16.887
15.628
13.134
11.865
11.068
9.966
9.416
8.790
8.141
7.576
7.466
7.280
7.237
6.970
7.094
9.137
12.883
16.909
18.697
19.506
19.337
18.906
18.325
17.673
16.887
15.628
13.134
11.865
11.068
9.966
9.416
8.790
8.141
7.576
7.466
7.280
7.237
6.970
7.094
9.137
12.883
16.909
18.697
19.506
19.337
18.906
18.325
17.673
16.887
15.628
13.134
11.865
11.068
9.966
9.416
8.790
8.141
7.696
7.282
7.062
7.035
6.544
6.259
7.270
8.619
10.774
12.416
12.900
13.179
13.265
13.227
12.712
12.500
12.160
11.050
9.997
9.445
8.779
8.584
8.543
8.023
7.262
7.202
6.832
6.676
6.341
6.045
7.117
7.651
8.500
9.665
10.579
11.015
11.354
11.215
10.928
10.642
9.945
9.255
8.792
8.595
8.484
8.095
7.626
7.516
7.576
7.466
7.280
7.237
6.970
7.094
9.137
12.883
16.909
18.697
19.506
19.337
18.906
18.325
17.673
16.887
15.628
13.134
11.865
11.068
9.966
9.416
8.790
8.141
7.576
7.466
7.280
7.237
6.970
7.094
9.137
12.883
16.909
18.697
19.506
19.337
18.906
18.325
17.673
16.887
15.628
13.134
11.865
11.068
9.966
9.416
8.790
8.141
7.576
7.466
7.280
7.237
6.970
7.094
9.137
12.883
16.909
18.697
19.506
19.337
18.906
18.325
17.673
16.887
15.628
13.134
11.865
11.068
9.966
9.416
8.790
8.141
7.576
7.466
7.280
7.237
6.970
7.094
9.137
12.883
16.909
18.697
19.506
19.337
18.906
18.325
17.673
16.887
15.628
13.134
11.865
11.068
9.966
9.416
8.790
8.141
7.576
7.466
7.280
7.237
6.970
7.094
9.137
12.883
16.909
18.697
19.506
19.337
18.906
18.325
17.673
16.887
15.628
13.134
11.865
11.068
9.966
9.416
8.790
8.141
7.696
7.282
7.062
7.035
6.544
6.259
7.270
8.619
10.774
12.416
12.900
13.179
13.265
13.227
12.712
12.500
12.160
11.050
9.997
9.445
8.779
8.584
8.543
8.023
7.262
7.202
6.832
6.676
6.341
6.045
7.117
7.651
8.500
9.665
10.579
11.015
11.354
11.215
10.928
10.642
9.945
9.255
8.792
8.595
8.484
8.095
7.626
7.516
7.576
7.466
7.280
7.237
6.970
7.094
9.137
12.883
16.909
18.697
19.506
19.337
18.906
18.325
17.673
16.887
15.628
13.134
11.865
11.068
9.966
9.416
8.790
8.141
7.576
7.466
7.280
7.237
6.970
7.094
9.137
12.883
16.909
18.697
19.506
19.337
18.906
18.325
17.673
16.887
15.628
13.134
11.865
11.068
9.966
9.416
8.790
8.141
7.576
7.466
7.280
7.237
6.970
7.094
9.137
12.883
16.909
18.697
19.506
19.337
18.906
18.325
17.673
16.887
15.628
13.134
11.865
11.068
9.966
9.416
8.790
8.141
7.576
7.466
7.280
7.237
6.970
7.094
9.137
12.883
16.909
18.697
19.506
19.337
18.906
18.325
17.673
16.887
15.628
13.134
11.865
11.068
9.966
9.416
8.790
8.141
7.576
7.466
7.280
7.237
6.970
7.094
9.137
12.883
16.909
18.697
19.506
19.337
18.906
18.325
17.673
16.887
15.628
13.134
11.865
11.068
9.966
9.416
8.790
8.141
7.696
7.282
7.062
7.035
6.544
6.259
7.270
8.619
10.774
12.416
12.900
13.179
13.265
13.227
12.712
12.500
12.160
11.050
9.997
9.445
8.779
8.584
8.543
8.023
7.262
7.202
6.832
6.676
6.341
6.045
7.117
7.651
8.500
9.665
10.579
11.015
11.354
11.215
10.928
10.642
9.945
9.255
8.792
8.595
8.484
8.095
7.626
7.516
7.576
7.466
7.280
7.237
6.970
7.094
9.137
12.883
16.909
18.697
19.506
19.337
18.906
18.325
17.673
16.887
15.628
13.134
11.865
11.068
9.966
9.416
8.790
8.141
7.576
7.466
7.280
7.237
6.970
7.094
9.137
12.883
16.909
18.697
19.506
19.337
18.906
18.325
17.673
16.887
15.628
13.134
11.865
11.068
9.966
9.416
8.790
8.141
7.576
7.466
7.280
7.237
6.970
7.094
9.137
12.883
16.909
18.697
19.506
19.337
18.906
18.325
17.673
16.887
15.628
13.134
11.865
11.068
9.966
9.416
8.790
8.141
7.576
7.466
7.280
7.237
6.970
7.094
9.137
12.883
16.909
18.697
19.506
19.337
18.906
18.325
17.673
16.887
15.628
13.134
11.865
11.068
9.966
9.416
8.790
8.141
7.576
7.466
7.280
7.237
6.970
7.094
9.137
12.883
16.909
18.697
19.506
19.337
18.906
18.325
17.673
16.887
15.628
13.134
11.865
11.068
9.966
9.416
8.790
8.141
6.532
6.300
6.166
6.063
6.050
6.150
6.690
7.738
9.891
10.978
11.484
11.687
11.633
11.596
11.488
11.320
10.939
10.245
9.128
8.782
8.779
8.455
7.791
7.019
6.524
6.284
6.139
6.043
6.021
6.045
6.393
7.037
7.941
9.336
10.340
10.694
10.808
10.855
10.718
10.548
9.945
9.255
8.765
8.595
8.484
8.095
7.409
6.720
6.471
6.295
6.205
6.145
6.162
6.496
7.503
9.572
12.523
13.857
14.467
14.797
14.771
14.773
14.596
14.235
13.411
11.989
10.907
10.525
9.966
9.129
7.905
7.014
6.471
6.295
6.205
6.145
6.162
6.496
7.503
9.572
12.523
13.857
14.467
14.797
14.771
14.773
14.596
14.235
13.411
11.989
10.907
10.525
9.966
9.129
7.905
7.014
6.923
6.735
6.639
6.574
6.592
6.950
8.027
10.242
13.399
14.826
15.479
15.831
15.804
15.806
15.616
15.230
14.348
12.827
11.670
11.261
10.663
9.767
8.458
7.505
6.923
6.735
6.639
6.574
6.592
6.950
8.027
10.242
13.399
14.826
15.479
15.831
15.804
15.806
15.616
15.230
14.348
12.827
11.670
11.261
10.663
9.767
8.458
7.505
6.923
6.735
6.639
6.574
6.592
6.950
8.027
10.242
13.399
14.826
15.479
15.831
15.804
15.806
15.616
15.230
14.348
12.827
11.670
11.261
10.663
9.767
8.458
7.505
6.988
6.741
6.597
6.487
6.473
6.580
7.157
8.279
10.582
11.745
12.286
12.504
12.447
12.407
12.291
12.112
11.704
10.961
9.766
9.396
9.393
9.046
8.335
7.510
6.980
6.723
6.568
6.465
6.442
6.467
6.840
7.529
8.496
9.989
11.063
11.441
11.563
11.614
11.468
11.285
10.640
9.902
9.378
9.196
9.077
8.660
7.927
7.190
6.923
6.735
6.639
6.574
6.592
6.950
8.027
10.242
13.399
14.826
15.479
15.831
15.804
15.806
15.616
15.230
14.348
12.827
11.670
11.261
10.663
9.767
8.458
7.505
6.923
6.735
6.639
6.574
6.592
6.950
8.027
10.242
13.399
14.826
15.479
15.831
15.804
15.806
15.616
15.230
14.348
12.827
11.670
11.261
10.663
9.767
8.458
7.505
6.923
6.735
6.639
6.574
6.592
6.950
8.027
10.242
13.399
14.826
15.479
15.831
15.804
15.806
15.616
15.230
14.348
12.827
11.670
11.261
10.663
9.767
8.458
7.505
6.923
6.735
6.639
6.574
6.592
6.950
8.027
10.242
13.399
14.826
15.479
15.831
15.804
15.806
15.616
15.230
14.348
12.827
11.670
11.261
10.663
9.767
8.458
7.505
6.923
6.735
6.639
6.574
6.592
6.950
8.027
10.242
13.399
14.826
15.479
15.831
15.804
15.806
15.616
15.230
14.348
12.827
11.670
11.261
10.663
9.767
8.458
7.505
6.988
6.741
6.597
6.487
6.473
6.580
7.157
8.279
10.582
11.745
12.286
12.504
12.447
12.407
12.291
12.112
11.704
10.961
9.766
9.396
9.393
9.046
8.335
7.510
6.980
6.723
6.568
6.465
6.442
6.467
6.840
7.529
8.496
9.989
11.063
11.441
11.563
11.614
11.468
11.285
10.640
9.902
9.378
9.196
9.077
8.660
7.927
7.190
6.923
6.735
6.639
6.574
6.592
6.950
8.027
10.242
13.399
14.826
15.479
15.831
15.804
15.806
15.616
15.230
14.348
12.827
11.670
11.261
10.663
9.767
8.458
7.505
6.923
6.735
6.639
6.574
6.592
6.950
8.027
10.242
13.399
14.826
15.479
15.831
15.804
15.806
15.616
15.230
14.348
12.827
11.670
11.261
10.663
9.767
8.458
7.505
6.923
6.735
6.639
6.574
6.592
6.950
8.027
10.242
13.399
14.826
15.479
15.831
15.804
15.806
15.616
15.230
14.348
12.827
11.670
11.261
10.663
9.767
8.458
7.505
6.923
6.735
6.639
6.574
6.592
6.950
8.027
10.242
13.399
14.826
15.479
15.831
15.804
15.806
15.616
15.230
14.348
12.827
11.670
11.261
10.663
9.767
8.458
7.505
6.923
6.735
6.639
6.574
6.592
6.950
8.027
10.242
13.399
14.826
15.479
15.831
15.804
15.806
15.616
15.230
14.348
12.827
11.670
11.261
10.663
9.767
8.458
7.505
6.988
6.741
6.597
6.487
6.473
6.580
7.157
8.279
10.582
11.745
12.286
12.504
12.447
12.407
12.291
12.112
11.704
10.961
9.766
9.396
9.393
9.046
8.335
7.510
6.980
6.723
6.568
6.465
6.442
6.467
6.840
7.529
8.496
9.989
11.063
11.441
11.563
11.614
11.468
11.285
10.640
9.902
9.378
9.196
9.077
8.660
7.927
7.190
6.923
6.735
6.639
6.574
6.592
6.950
8.027
10.242
13.399
14.826
15.479
15.831
15.804
15.806
15.616
15.230
14.348
12.827
11.670
11.261
10.663
9.767
8.458
7.505
6.923
6.735
6.639
6.574
6.592
6.950
8.027
10.242
13.399
14.826
15.479
15.831
15.804
15.806
15.616
15.230
14.348
12.827
11.670
11.261
10.663
9.767
8.458
7.505
6.923
6.735
6.639
6.574
6.592
6.950
8.027
10.242
13.399
14.826
15.479
15.831
15.804
15.806
15.616
15.230
14.348
12.827
11.670
11.261
10.663
9.767
8.458
7.505
6.923
6.735
6.639
6.574
6.592
6.950
8.027
10.242
13.399
14.826
15.479
15.831
15.804
15.806
15.616
15.230
14.348
12.827
11.670
11.261
10.663
9.767
8.458
7.505
6.923
6.735
6.639
6.574
6.592
6.950
8.027
10.242
13.399
14.826
15.479
15.831
15.804
15.806
15.616
15.230
14.348
12.827
11.670
11.261
10.663
9.767
8.458
7.505
6.988
6.741
6.597
6.487
6.473
6.580
7.157
8.279
10.582
11.745
12.286
12.504
12.447
12.407
12.291
12.112
11.704
10.961
9.766
9.396
9.393
9.046
8.335
7.510
6.980
6.723
6.568
6.465
6.442
6.467
6.840
7.529
8.496
9.989
11.063
11.441
11.563
11.614
11.468
11.285
10.640
9.902
9.378
9.196
9.077
8.660
7.927
7.190
6.923
6.735
6.639
6.574
6.592
6.950
8.027
10.242
13.399
14.826
15.479
15.831
15.804
15.806
15.616
15.230
14.348
12.827
11.670
11.261
10.663
9.767
8.458
7.505
6.923
6.735
6.639
6.574
6.592
6.950
8.027
10.242
13.399
14.826
15.479
15.831
15.804
15.806
15.616
15.230
14.348
12.827
11.670
11.261
10.663
9.767
8.458
7.505
6.923
6.735
6.639
6.574
6.592
6.950
8.027
10.242
13.399
14.826
15.479
15.831
15.804
15.806
15.616
15.230
14.348
12.827
11.670
11.261
10.663
9.767
8.458
7.505
6.923
6.735
6.639
6.574
6.592
6.950
8.027
10.242
13.399
14.826
15.479
15.831
15.804
15.806
15.616
15.230
14.348
12.827
11.670
11.261
10.663
9.767
8.458
7.505
6.923
6.735
6.639
6.574
6.592
6.950
8.027
10.242
13.399
14.826
15.479
15.831
15.804
15.806
15.616
15.230
14.348
12.827
11.670
11.261
10.663
9.767
8.458
7.505
6.949
6.703
6.560
6.450
6.436
6.543
7.117
8.233
10.523
11.679
12.217
12.434
12.376
12.337
12.222
12.043
11.638
10.900
9.711
9.343
9.340
8.995
8.288
7.467
6.941
6.685
6.531
6.429
6.405
6.431
6.802
7.487
8.448
9.932
11.001
11.377
11.498
11.548
11.403
11.222
10.580
9.846
9.325
9.144
9.026
8.612
7.882
7.149
6.884
6.697
6.602
6.537
6.555
6.911
7.982
10.184
13.323
14.742
15.391
15.742
15.715
15.717
15.528
15.144
14.267
12.755
11.604
11.198
10.603
9.712
8.410
7.462
6.884
6.697
6.602
6.537
6.555
6.911
7.982
10.184
13.323
14.742
15.391
15.742
15.715
15.717
15.528
15.144
14.267
12.755
11.604
11.198
10.603
9.712
8.410
7.462
6.884
6.697
6.602
6.537
6.555
6.911
7.982
10.184
13.323
14.742
15.391
15.742
15.715
15.717
15.528
15.144
14.267
12.755
11.604
11.198
10.603
9.712
8.410
7.462
6.884
6.697
6.602
6.537
6.555
6.911
7.982
10.184
13.323
14.742
15.391
15.742
15.715
15.717
15.528
15.144
14.267
12.755
11.604
11.198
10.603
9.712
8.410
7.462
6.884
6.697
6.602
6.537
6.555
6.911
7.982
10.184
13.323
14.742
15.391
15.742
15.715
15.717
15.528
15.144
14.267
12.755
11.604
11.198
10.603
9.712
8.410
7.462
6.949
6.703
6.560
6.450
6.436
6.543
7.117
8.233
10.523
11.679
12.217
12.434
12.376
12.337
12.222
12.043
11.638
10.900
9.711
9.343
9.340
8.995
8.288
7.467
6.941
6.685
6.531
6.429
6.405
6.431
6.802
7.487
8.448
9.932
11.001
11.377
11.498
11.548
11.403
11.222
10.580
9.846
9.325
9.144
9.026
8.612
7.882
7.149
9.732
9.801
9.699
9.693
9.861
11.136
14.302
18.264
23.073
24.907
25.314
25.089
24.274
23.226
22.294
21.277
19.517
17.051
16.245
16.426
14.673
12.034
10.718
10.011
9.732
9.801
9.699
9.693
9.861
11.136
14.302
18.264
23.073
24.907
25.314
25.089
24.274
23.226
22.294
21.277
19.517
17.051
16.245
16.426
14.673
12.034
10.718
10.011
9.732
9.801
9.699
9.693
9.861
11.136
14.302
18.264
23.073
24.907
25.314
25.089
24.274
23.226
22.294
21.277
19.517
17.051
16.245
16.426
14.673
12.034
10.718
10.011
9.732
9.801
9.699
9.693
9.861
11.136
14.302
18.264
23.073
24.907
25.314
25.089
24.274
23.226
22.294
21.277
19.517
17.051
16.245
16.426
14.673
12.034
10.718
10.011
9.732
9.801
9.699
9.693
9.861
11.136
14.302
18.264
23.073
24.907
25.314
25.089
24.274
23.226
22.294
21.277
19.517
17.051
16.245
16.426
14.673
12.034
10.718
10.011
9.291
9.073
8.890
8.957
9.052
9.618
11.371
12.190
14.208
15.968
16.591
16.644
16.747
16.487
15.935
15.835
15.348
14.240
13.293
13.468
12.144
10.821
10.276
9.939
9.005
8.809
8.744
8.700
8.634
9.121
10.487
10.436
11.600
12.704
13.586
13.818
14.217
14.233
13.891
13.431
12.209
10.999
11.344
11.717
10.920
9.635
9.116
9.086
9.732
9.801
9.699
9.693
9.861
11.136
14.302
18.264
23.073
24.907
25.314
25.089
24.274
23.226
22.294
21.277
19.517
17.051
16.245
16.426
14.673
12.034
10.718
10.011
9.732
9.801
9.699
9.693
9.861
11.136
14.302
18.264
23.073
24.907
25.314
25.089
24.274
23.226
22.294
21.277
19.517
17.051
16.245
16.426
14.673
12.034
10.718
10.011
9.732
9.801
9.699
9.693
9.861
11.136
14.302
18.264
23.073
24.907
25.314
25.089
24.274
23.226
22.294
21.277
19.517
17.051
16.245
16.426
14.673
12.034
10.718
10.011
9.732
9.801
9.699
9.693
9.861
11.136
14.302
18.264
23.073
24.907
25.314
25.089
24.274
23.226
22.294
21.277
19.517
17.051
16.245
16.426
14.673
12.034
10.718
10.011
9.732
9.801
9.699
9.693
9.861
11.136
14.302
18.264
23.073
24.907
25.314
25.089
24.274
23.226
22.294
21.277
19.517
17.051
16.245
16.426
14.673
12.034
10.718
10.011
9.291
9.073
8.890
8.957
9.052
9.618
11.371
12.190
14.208
15.968
16.591
16.644
16.747
16.487
15.935
15.835
15.348
14.240
13.293
13.468
12.144
10.821
10.276
9.939
9.005
8.809
8.744
8.700
8.634
9.121
10.487
10.436
11.600
12.704
13.586
13.818
14.217
14.233
13.891
13.431
12.209
10.999
11.344
11.717
10.920
9.635
9.116
9.086
9.732
9.801
9.699
9.693
9.861
11.136
14.302
18.264
23.073
24.907
25.314
25.089
24.274
23.226
22.294
21.277
19.517
17.051
16.245
16.426
14.673
12.034
10.718
10.011
9.732
9.801
9.699
9.693
9.861
11.136
14.302
18.264
23.073
24.907
25.314
25.089
24.274
23.226
22.294
21.277
19.517
17.051
16.245
16.426
14.673
12.034
10.718
10.011
9.732
9.801
9.699
9.693
9.861
11.136
14.302
18.264
23.073
24.907
25.314
25.089
24.274
23.226
22.294
21.277
19.517
17.051
16.245
16.426
14.673
12.034
10.718
10.011
9.732
9.801
9.699
9.693
9.861
11.136
14.302
18.264
23.073
24.907
25.314
25.089
24.274
23.226
22.294
21.277
19.517
17.051
16.245
16.426
14.673
12.034
10.718
10.011
9.732
9.801
9.699
9.693
9.861
11.136
14.302
18.264
23.073
24.907
25.314
25.089
24.274
23.226
22.294
21.277
19.517
17.051
16.245
16.426
14.673
12.034
10.718
10.011
9.291
9.073
8.890
8.957
9.052
9.618
11.371
12.190
14.208
15.968
16.591
16.644
16.747
16.487
15.935
15.835
15.348
14.240
13.293
13.468
12.144
10.821
10.276
9.939
9.005
8.809
8.744
8.700
8.634
9.121
10.487
10.436
11.600
12.704
13.586
13.818
14.217
14.233
13.891
13.431
12.209
10.999
11.344
11.717
10.920
9.635
9.116
9.086
9.732
9.801
9.699
9.693
9.861
11.136
14.302
18.264
23.073
24.907
25.314
25.089
24.274
23.226
22.294
21.277
19.517
17.051
16.245
16.426
14.673
12.034
10.718
10.011
9.122
9.186
9.091
9.085
9.243
10.438
13.405
17.119
21.626
23.346
23.728
23.516
22.752
21.770
20.897
19.943
18.294
15.983
15.227
15.396
13.754
11.280
10.046
9.384
9.122
9.186
9.091
9.085
9.243
10.438
13.405
17.119
21.626
23.346
23.728
23.516
22.752
21.770
20.897
19.943
18.294
15.983
15.227
15.396
13.754
11.280
10.046
9.384
9.122
9.186
9.091
9.085
9.243
10.438
13.405
17.119
21.626
23.346
23.728
23.516
22.752
21.770
20.897
19.943
18.294
15.983
15.227
15.396
13.754
11.280
10.046
9.384
9.122
9.186
9.091
9.085
9.243
10.438
13.405
17.119
21.626
23.346
23.728
23.516
22.752
21.770
20.897
19.943
18.294
15.983
15.227
15.396
13.754
11.280
10.046
9.384
8.708
8.504
8.332
8.396
8.485
9.016
10.658
11.426
13.317
14.968
15.552
15.601
15.697
15.454
14.937
14.842
14.386
13.347
12.460
12.623
11.382
10.142
9.632
9.316
8.441
8.257
8.196
8.154
8.093
8.549
9.830
9.782
10.873
11.908
12.735
12.952
13.326
13.341
13.021
12.589
11.444
10.309
10.633
10.983
10.235
9.031
8.544
8.517
9.122
9.186
9.091
9.085
9.243
10.438
13.405
17.119
21.626
23.346
23.728
23.516
22.752
21.770
20.897
19.943
18.294
15.983
15.227
15.396
13.754
11.280
10.046
9.384
9.122
9.186
9.091
9.085
9.243
10.438
13.405
17.119
21.626
23.346
23.728
23.516
22.752
21.770
20.897
19.943
18.294
15.983
15.227
15.396
13.754
11.280
10.046
9.384
9.122
9.186
9.091
9.085
9.243
10.438
13.405
17.119
21.626
23.346
23.728
23.516
22.752
21.770
20.897
19.943
18.294
15.983
15.227
15.396
13.754
11.280
10.046
9.384
9.122
9.186
9.091
9.085
9.243
10.438
13.405
17.119
21.626
23.346
23.728
23.516
22.752
21.770
20.897
19.943
18.294
15.983
15.227
15.396
13.754
11.280
10.046
9.384
9.122
9.186
9.091
9.085
9.243
10.438
13.405
17.119
21.626
23.346
23.728
23.516
22.752
21.770
20.897
19.943
18.294
15.983
15.227
15.396
13.754
11.280
10.046
9.384
8.708
8.504
8.332
8.396
8.485
9.016
10.658
11.426
13.317
14.968
15.552
15.601
15.697
15.454
14.937
14.842
14.386
13.347
12.460
12.623
11.382
10.142
9.632
9.316
8.441
8.257
8.196
8.154
8.093
8.549
9.830
9.782
10.873
11.908
12.735
12.952
13.326
13.341
13.021
12.589
11.444
10.309
10.633
10.983
10.235
9.031
8.544
8.517
9.122
9.186
9.091
9.085
9.243
10.438
13.405
17.119
21.626
23.346
23.728
23.516
22.752
21.770
20.897
19.943
18.294
15.983
15.227
15.396
13.754
11.280
10.046
9.384
9.122
9.186
9.091
9.085
9.243
10.438
13.405
17.119
21.626
23.346
23.728
23.516
22.752
21.770
20.897
19.943
18.294
15.983
15.227
15.396
13.754
11.280
10.046
9.384
9.122
9.186
9.091
9.085
9.243
10.438
13.405
17.119
21.626
23.346
23.728
23.516
22.752
21.770
20.897
19.943
18.294
15.983
15.227
15.396
13.754
11.280
10.046
9.384
9.122
9.186
9.091
9.085
9.243
10.438
13.405
17.119
21.626
23.346
23.728
23.516
22.752
21.770
20.897
19.943
18.294
15.983
15.227
15.396
13.754
11.280
10.046
9.384
9.122
9.186
9.091
9.085
9.243
10.438
13.405
17.119
21.626
23.346
23.728
23.516
22.752
21.770
20.897
19.943
18.294
15.983
15.227
15.396
13.754
11.280
10.046
9.384
8.708
8.504
8.332
8.396
8.485
9.016
10.658
11.426
13.317
14.968
15.552
15.601
15.697
15.454
14.937
14.842
14.386
13.347
12.460
12.623
11.382
10.142
9.632
9.316
8.441
8.257
8.196
8.154
8.093
8.549
9.830
9.782
10.873
11.908
12.735
12.952
13.326
13.341
13.021
12.589
11.444
10.309
10.633
10.983
10.235
9.031
8.544
8.517
9.122
9.186
9.091
9.085
9.243
10.438
13.405
17.119
21.626
23.346
23.728
23.516
22.752
21.770
20.897
19.943
18.294
15.983
15.227
15.396
13.754
11.280
10.046
9.384
9.122
9.186
9.091
9.085
9.243
10.438
13.405
17.119
21.626
23.346
23.728
23.516
22.752
21.770
20.897
19.943
18.294
15.983
15.227
15.396
13.754
11.280
10.046
9.384
9.122
9.186
9.091
9.085
9.243
10.438
13.405
17.119
21.626
23.346
23.728
23.516
22.752
21.770
20.897
19.943
18.294
15.983
15.227
15.396
13.754
11.280
10.046
9.384
9.122
9.186
9.091
9.085
9.243
10.438
13.405
17.119
21.626
23.346
23.728
23.516
22.752
21.770
20.897
19.943
18.294
15.983
15.227
15.396
13.754
11.280
10.046
9.384
9.122
9.186
9.091
9.085
9.243
10.438
13.405
17.119
21.626
23.346
23.728
23.516
22.752
21.770
20.897
19.943
18.294
15.983
15.227
15.396
13.754
11.280
10.046
9.384
8.708
8.504
8.332
8.396
8.485
9.016
10.658
11.426
13.317
14.968
15.552
15.601
15.697
15.454
14.937
14.842
14.386
13.347
12.460
12.623
11.382
10.142
9.632
9.316
8.441
8.257
8.196
8.154
8.093
8.549
9.830
9.782
10.873
11.908
12.735
12.952
13.326
13.341
13.021
12.589
11.444
10.309
10.633
10.983
10.235
9.031
8.544
8.517
9.122
9.186
9.091
9.085
9.243
10.438
13.405
17.119
21.626
23.346
23.728
23.516
22.752
21.770
20.897
19.943
18.294
15.983
15.227
15.396
13.754
11.280
10.046
9.384
9.122
9.186
9.091
9.085
9.243
10.438
13.405
17.119
21.626
23.346
23.728
23.516
22.752
21.770
20.897
19.943
18.294
15.983
15.227
15.396
13.754
11.280
10.046
9.384
9.122
9.186
9.091
9.085
9.243
10.438
13.405
17.119
21.626
23.346
23.728
23.516
22.752
21.770
20.897
19.943
18.294
15.983
15.227
15.396
13.754
11.280
10.046
9.384
8.336
8.395
8.308
8.302
8.446
9.538
12.250
15.644
19.763
21.334
21.684
21.490
20.792
19.895
19.097
18.225
16.718
14.606
13.915
14.070
12.569
10.308
9.181
8.575
8.336
8.395
8.308
8.302
8.446
9.538
12.250
15.644
19.763
21.334
21.684
21.490
20.792
19.895
19.097
18.225
16.718
14.606
13.915
14.070
12.569
10.308
9.181
8.575
7.958
7.772
7.615
7.672
7.754
8.239
9.740
10.442
12.170
13.678
14.212
14.257
14.345
14.122
13.650
13.564
13.147
12.197
11.386
11.536
10.402
9.269
8.802
8.514
7.714
7.546
7.490
7.452
7.395
7.813
8.983
8.939
9.936
10.882
11.638
11.836
12.178
12.192
11.899
11.504
10.458
9.421
9.717
10.036
9.353
8.253
7.808
7.783
8.336
8.395
8.308
8.302
8.446
9.538
12.250
15.644
19.763
21.334
21.684
21.490
20.792
19.895
19.097
18.225
16.718
14.606
13.915
14.070
12.569
10.308
9.181
8.575
8.336
8.395
8.308
8.302
8.446
9.538
12.250
15.644
19.763
21.334
21.684
21.490
20.792
19.895
19.097
18.225
16.718
14.606
13.915
14.070
12.569
10.308
9.181
8.575
8.336
8.395
8.308
8.302
8.446
9.538
12.250
15.644
19.763
21.334
21.684
21.490
20.792
19.895
19.097
18.225
16.718
14.606
13.915
14.070
12.569
10.308
9.181
8.575
8.336
8.395
8.308
8.302
8.446
9.538
12.250
15.644
19.763
21.334
21.684
21.490
20.792
19.895
19.097
18.225
16.718
14.606
13.915
14.070
12.569
10.308
9.181
8.575
8.336
8.395
8.308
8.302
8.446
9.538
12.250
15.644
19.763
21.334
21.684
21.490
20.792
19.895
19.097
18.225
16.718
14.606
13.915
14.070
12.569
10.308
9.181
8.575
7.958
7.772
7.615
7.672
7.754
8.239
9.740
10.442
12.170
13.678
14.212
14.257
14.345
14.122
13.650
13.564
13.147
12.197
11.386
11.536
10.402
9.269
8.802
8.514
7.714
7.546
7.490
7.452
7.395
7.813
8.983
8.939
9.936
10.882
11.638
11.836
12.178
12.192
11.899
11.504
10.458
9.421
9.717
10.036
9.353
8.253
7.808
7.783
8.336
8.395
8.308
8.302
8.446
9.538
12.250
15.644
19.763
21.334
21.684
21.490
20.792
19.895
19.097
18.225
16.718
14.606
13.915
14.070
12.569
10.308
9.181
8.575
8.336
8.395
8.308
8.302
8.446
9.538
12.250
15.644
19.763
21.334
21.684
21.490
20.792
19.895
19.097
18.225
16.718
14.606
13.915
14.070
12.569
10.308
9.181
8.575
8.336
8.395
8.308
8.302
8.446
9.538
12.250
15.644
19.763
21.334
21.684
21.490
20.792
19.895
19.097
18.225
16.718
14.606
13.915
14.070
12.569
10.308
9.181
8.575
8.336
8.395
8.308
8.302
8.446
9.538
12.250
15.644
19.763
21.334
21.684
21.490
20.792
19.895
19.097
18.225
16.718
14.606
13.915
14.070
12.569
10.308
9.181
8.575
8.336
8.395
8.308
8.302
8.446
9.538
12.250
15.644
19.763
21.334
21.684
21.490
20.792
19.895
19.097
18.225
16.718
14.606
13.915
14.070
12.569
10.308
9.181
8.575
7.958
7.772
7.615
7.672
7.754
8.239
9.740
10.442
12.170
13.678
14.212
14.257
14.345
14.122
13.650
13.564
13.147
12.197
11.386
11.536
10.402
9.269
8.802
8.514
7.714
7.546
7.490
7.452
7.395
7.813
8.983
8.939
9.936
10.882
11.638
11.836
12.178
12.192
11.899
11.504
10.458
9.421
9.717
10.036
9.353
8.253
7.808
7.783
8.336
8.395
8.308
8.302
8.446
9.538
12.250
15.644
19.763
21.334
21.684
21.490
20.792
19.895
19.097
18.225
16.718
14.606
13.915
14.070
12.569
10.308
9.181
8.575
8.336
8.395
8.308
8.302
8.446
9.538
12.250
15.644
19.763
21.334
21.684
21.490
20.792
19.895
19.097
18.225
16.718
14.606
13.915
14.070
12.569
10.308
9.181
8.575
8.336
8.395
8.308
8.302
8.446
9.538
12.250
15.644
19.763
21.334
21.684
21.490
20.792
19.895
19.097
18.225
16.718
14.606
13.915
14.070
12.569
10.308
9.181
8.575
8.336
8.395
8.308
8.302
8.446
9.538
12.250
15.644
19.763
21.334
21.684
21.490
20.792
19.895
19.097
18.225
16.718
14.606
13.915
14.070
12.569
10.308
9.181
8.575
8.336
8.395
8.308
8.302
8.446
9.538
12.250
15.644
19.763
21.334
21.684
21.490
20.792
19.895
19.097
18.225
16.718
14.606
13.915
14.070
12.569
10.308
9.181
8.575
7.958
7.772
7.615
7.672
7.754
8.239
9.740
10.442
12.170
13.678
14.212
14.257
14.345
14.122
13.650
13.564
13.147
12.197
11.386
11.536
10.402
9.269
8.802
8.514
7.714
7.546
7.490
7.452
7.395
7.813
8.983
8.939
9.936
10.882
11.638
11.836
12.178
12.192
11.899
11.504
10.458
9.421
9.717
10.036
9.353
8.253
7.808
7.808
8.575
8.336
8.395
8.308
8.302
8.446
9.538
12.250
15.644
19.763
21.334
21.684
21.490
20.792
19.895
19.097
18.225
16.718
14.606
13.915
14.070
12.569
10.308
9.181
8.575
8.336
8.395
8.308
8.302
8.446
9.538
12.250
15.644
19.763
21.334
21.684
21.490
20.792
19.895
19.097
18.225
16.718
14.606
13.915
14.070
12.569
10.308
9.181
8.575
8.336
8.395
8.308
8.302
8.446
9.538
12.250
15.644
19.763
21.334
21.684
21.490
20.792
19.895
19.097
18.225
16.718
14.606
13.915
14.070
12.569
10.308
9.181
8.575
8.336
8.395
8.308
8.302
8.446
9.538
12.250
15.644
19.763
21.334
21.684
21.490
20.792
19.895
19.097
18.225
16.718
14.606
13.915
14.070
12.569
10.308
9.181
8.575
8.336
8.395
8.308
8.302
8.446
9.538
12.250
15.644
19.763
21.334
21.684
21.490
20.792
19.895
19.097
18.225
16.718
14.606
13.915
14.070
12.569
10.308
9.181
12.084
11.946
11.581
11.414
11.205
11.204
12.010
13.662
15.037
17.361
19.237
19.838
19.778
19.505
18.781
18.189
18.083
18.206
17.313
16.245
15.260
13.860
12.599
12.245
10.478
10.757
10.459
10.286
10.015
9.966
10.608
11.796
12.320
13.191
14.624
15.398
16.016
16.167
15.758
15.484
15.032
14.567
13.879
13.183
12.571
11.643
10.542
10.665
11.143
11.443
11.336
11.186
10.979
11.349
12.683
15.502
19.599
24.512
26.772
27.168
26.871
26.084
24.998
24.058
23.031
21.765
19.431
18.053
16.955
14.957
12.633
11.638
11.143
11.443
11.336
11.186
10.979
11.349
12.683
15.502
19.599
24.512
26.772
27.168
26.871
26.084
24.998
24.058
23.031
21.765
19.431
18.053
16.955
14.957
12.633
11.638
11.143
11.443
11.336
11.186
10.979
11.349
12.683
15.502
19.599
24.512
26.772
27.168
26.871
26.084
24.998
24.058
23.031
21.765
19.431
18.053
16.955
14.957
12.633
11.638
11.143
11.443
11.336
11.186
10.979
11.349
12.683
15.502
19.599
24.512
26.772
27.168
26.871
26.084
24.998
24.058
23.031
21.765
19.431
18.053
16.955
14.957
12.633
11.638
11.143
11.443
11.336
11.186
10.979
11.349
12.683
15.502
19.599
24.512
26.772
27.168
26.871
26.084
24.998
24.058
23.031
21.765
19.431
18.053
16.955
14.957
12.633
11.638
11.141
11.014
10.678
10.523
10.331
10.330
11.073
12.596
13.864
16.007
17.736
18.290
18.235
17.984
17.315
16.771
16.672
16.786
15.962
14.977
14.069
12.779
11.616
11.290
10.478
10.757
10.459
10.286
10.015
9.966
10.608
11.796
12.320
13.191
14.624
15.398
16.016
16.167
15.758
15.484
15.032
14.567
13.879
13.183
12.571
11.643
10.542
10.665
11.143
11.443
11.336
11.186
10.979
11.349
12.683
15.502
19.599
24.512
26.772
27.168
26.871
26.084
24.998
24.058
23.031
21.765
19.431
18.053
16.955
14.957
12.633
11.638
11.143
11.443
11.336
11.186
10.979
11.349
12.683
15.502
19.599
24.512
26.772
27.168
26.871
26.084
24.998
24.058
23.031
21.765
19.431
18.053
16.955
14.957
12.633
11.638
11.143
11.443
11.336
11.186
10.979
11.349
12.683
15.502
19.599
24.512
26.772
27.168
26.871
26.084
24.998
24.058
23.031
21.765
19.431
18.053
16.955
14.957
12.633
11.638
11.143
11.443
11.336
11.186
10.979
11.349
12.683
15.502
19.599
24.512
26.772
27.168
26.871
26.084
24.998
24.058
23.031
21.765
19.431
18.053
16.955
14.957
12.633
11.638
11.143
11.443
11.336
11.186
10.979
11.349
12.683
15.502
19.599
24.512
26.772
27.168
26.871
26.084
24.998
24.058
23.031
21.765
19.431
18.053
16.955
14.957
12.633
11.638
11.141
11.014
10.678
10.523
10.331
10.330
11.073
12.596
13.864
16.007
17.736
18.290
18.235
17.984
17.315
16.771
16.672
16.786
15.962
14.977
14.069
12.779
11.616
11.290
10.478
10.757
10.459
10.286
10.015
9.966
10.608
11.796
12.320
13.191
14.624
15.398
16.016
16.167
15.758
15.484
15.032
14.567
13.879
13.183
12.571
11.643
10.542
10.665
11.143
11.443
11.336
11.186
10.979
11.349
12.683
15.502
19.599
24.512
26.772
27.168
26.871
26.084
24.998
24.058
23.031
21.765
19.431
18.053
16.955
14.957
12.633
11.638
11.143
11.443
11.336
11.186
10.979
11.349
12.683
15.502
19.599
24.512
26.772
27.168
26.871
26.084
24.998
24.058
23.031
21.765
19.431
18.053
16.955
14.957
12.633
11.638
11.143
11.443
11.336
11.186
10.979
11.349
12.683
15.502
19.599
24.512
26.772
27.168
26.871
26.084
24.998
24.058
23.031
21.765
19.431
18.053
16.955
14.957
12.633
11.638
11.143
11.443
11.336
11.186
10.979
11.349
12.683
15.502
19.599
24.512
26.772
27.168
26.871
26.084
24.998
24.058
23.031
21.765
19.431
18.053
16.955
14.957
12.633
11.638
11.143
11.443
11.336
11.186
10.979
11.349
12.683
15.502
19.599
24.512
26.772
27.168
26.871
26.084
24.998
24.058
23.031
21.765
19.431
18.053
16.955
14.957
12.633
11.638
11.141
11.014
10.678
10.523
10.331
10.330
11.073
12.596
13.864
16.007
17.736
18.290
18.235
17.984
17.315
16.771
16.672
16.786
15.962
14.977
14.069
12.779
11.616
11.290
10.478
10.757
10.459
10.286
10.015
9.966
10.608
11.796
12.320
13.191
14.624
15.398
16.016
16.167
15.758
15.484
15.032
14.567
13.879
13.183
12.571
11.643
10.542
10.665
11.143
11.443
11.336
11.186
10.979
11.349
12.683
15.502
19.599
24.512
26.772
27.168
26.871
26.084
24.998
24.058
23.031
21.765
19.431
18.053
16.955
14.957
12.633
11.638
11.143
11.443
11.336
11.186
10.979
11.349
12.683
15.502
19.599
24.512
26.772
27.168
26.871
26.084
24.998
24.058
23.031
21.765
19.431
18.053
16.955
14.957
12.633
11.638
11.143
11.443
11.336
11.186
10.979
11.349
12.683
15.502
19.599
24.512
26.772
27.168
26.871
26.084
24.998
24.058
23.031
21.765
19.431
18.053
16.955
14.957
12.633
11.638
11.143
11.443
11.336
11.186
10.979
11.349
12.683
15.502
19.599
24.512
26.772
27.168
26.871
26.084
24.998
24.058
23.031
21.765
19.431
18.053
16.955
14.957
12.633
11.638
11.143
11.443
11.336
11.186
10.979
11.349
12.683
15.502
19.599
24.512
26.772
27.168
26.871
26.084
24.998
24.058
23.031
21.765
19.431
18.053
16.955
14.957
12.633
11.638
11.141
11.014
10.678
10.523
10.331
10.330
11.073
12.596
13.864
16.007
17.736
18.290
18.235
17.984
17.315
16.771
16.672
16.786
15.962
14.977
14.069
12.779
11.616
11.290
10.478
10.757
10.459
10.286
10.015
9.966
10.608
11.796
12.320
13.191
14.624
15.398
16.016
16.167
15.758
15.484
15.032
14.567
13.879
13.183
12.571
11.643
10.542
10.665
11.143
11.443
11.336
11.186
10.979
11.349
12.683
15.502
19.599
24.512
26.772
27.168
26.871
26.084
24.998
24.058
23.031
21.765
19.431
18.053
16.955
14.957
12.633
11.638
10.522
10.805
10.704
10.563
10.367
10.716
11.976
14.638
18.507
23.146
25.280
25.654
25.374
24.630
23.605
22.718
21.748
20.552
18.348
17.047
16.010
14.123
11.929
10.989
10.522
10.805
10.704
10.563
10.367
10.716
11.976
14.638
18.507
23.146
25.280
25.654
25.374
24.630
23.605
22.718
21.748
20.552
18.348
17.047
16.010
14.123
11.929
10.989
10.522
10.805
10.704
10.563
10.367
10.716
11.976
14.638
18.507
23.146
25.280
25.654
25.374
24.630
23.605
22.718
21.748
20.552
18.348
17.047
16.010
14.123
11.929
10.989
10.522
10.805
10.704
10.563
10.367
10.716
11.976
14.638
18.507
23.146
25.280
25.654
25.374
24.630
23.605
22.718
21.748
20.552
18.348
17.047
16.010
14.123
11.929
10.989
10.520
10.400
10.083
9.937
9.755
9.755
10.456
11.894
13.092
15.115
16.748
17.271
17.219
16.981
16.351
15.836
15.743
15.850
15.073
14.143
13.285
12.067
10.969
10.661
9.894
10.157
9.876
9.713
9.457
9.411
10.017
11.139
11.633
12.456
13.809
14.540
15.123
15.266
14.880
14.622
14.194
13.755
13.106
12.449
11.870
10.994
9.954
10.071
10.522
10.805
10.704
10.563
10.367
10.716
11.976
14.638
18.507
23.146
25.280
25.654
25.374
24.630
23.605
22.718
21.748
20.552
18.348
17.047
16.010
14.123
11.929
10.989
10.522
10.805
10.704
10.563
10.367
10.716
11.976
14.638
18.507
23.146
25.280
25.654
25.374
24.630
23.605
22.718
21.748
20.552
18.348
17.047
16.010
14.123
11.929
10.989
10.522
10.805
10.704
10.563
10.367
10.716
11.976
14.638
18.507
23.146
25.280
25.654
25.374
24.630
23.605
22.718
21.748
20.552
18.348
17.047
16.010
14.123
11.929
10.989
10.522
10.805
10.704
10.563
10.367
10.716
11.976
14.638
18.507
23.146
25.280
25.654
25.374
24.630
23.605
22.718
21.748
20.552
18.348
17.047
16.010
14.123
11.929
10.989
10.522
10.805
10.704
10.563
10.367
10.716
11.976
14.638
18.507
23.146
25.280
25.654
25.374
24.630
23.605
22.718
21.748
20.552
18.348
17.047
16.010
14.123
11.929
10.989
10.520
10.400
10.083
9.937
9.755
9.755
10.456
11.894
13.092
15.115
16.748
17.271
17.219
16.981
16.351
15.836
15.743
15.850
15.073
14.143
13.285
12.067
10.969
10.661
9.894
10.157
9.876
9.713
9.457
9.411
10.017
11.139
11.633
12.456
13.809
14.540
15.123
15.266
14.880
14.622
14.194
13.755
13.106
12.449
11.870
10.994
9.954
10.071
10.522
10.805
10.704
10.563
10.367
10.716
11.976
14.638
18.507
23.146
25.280
25.654
25.374
24.630
23.605
22.718
21.748
20.552
18.348
17.047
16.010
14.123
11.929
10.989
10.522
10.805
10.704
10.563
10.367
10.716
11.976
14.638
18.507
23.146
25.280
25.654
25.374
24.630
23.605
22.718
21.748
20.552
18.348
17.047
16.010
14.123
11.929
10.989
10.522
10.805
10.704
10.563
10.367
10.716
11.976
14.638
18.507
23.146
25.280
25.654
25.374
24.630
23.605
22.718
21.748
20.552
18.348
17.047
16.010
14.123
11.929
10.989
10.522
10.805
10.704
10.563
10.367
10.716
11.976
14.638
18.507
23.146
25.280
25.654
25.374
24.630
23.605
22.718
21.748
20.552
18.348
17.047
16.010
14.123
11.929
10.989
10.522
10.805
10.704
10.563
10.367
10.716
11.976
14.638
18.507
23.146
25.280
25.654
25.374
24.630
23.605
22.718
21.748
20.552
18.348
17.047
16.010
14.123
11.929
10.989
10.520
10.400
10.083
9.937
9.755
9.755
10.456
11.894
13.092
15.115
16.748
17.271
17.219
16.981
16.351
15.836
15.743
15.850
15.073
14.143
13.285
12.067
10.969
10.661
9.894
10.157
9.876
9.713
9.457
9.411
10.017
11.139
11.633
12.456
13.809
14.540
15.123
15.266
14.880
14.622
14.194
13.755
13.106
12.449
11.870
10.994
9.954
10.071
10.522
10.805
10.704
10.563
10.367
10.716
11.976
14.638
18.507
23.146
25.280
25.654
25.374
24.630
23.605
22.718
21.748
20.552
18.348
17.047
16.010
14.123
11.929
10.989
10.522
10.805
10.704
10.563
10.367
10.716
11.976
14.638
18.507
23.146
25.280
25.654
25.374
24.630
23.605
22.718
21.748
20.552
18.348
17.047
16.010
14.123
11.929
10.989
10.522
10.805
10.704
10.563
10.367
10.716
11.976
14.638
18.507
23.146
25.280
25.654
25.374
24.630
23.605
22.718
21.748
20.552
18.348
17.047
16.010
14.123
11.929
10.989
10.522
10.805
10.704
10.563
10.367
10.716
11.976
14.638
18.507
23.146
25.280
25.654
25.374
24.630
23.605
22.718
21.748
20.552
18.348
17.047
16.010
14.123
11.929
10.989
10.522
10.805
10.704
10.563
10.367
10.716
11.976
14.638
18.507
23.146
25.280
25.654
25.374
24.630
23.605
22.718
21.748
20.552
18.348
17.047
16.010
14.123
11.929
10.989
10.520
10.400
10.083
9.937
9.755
9.755
10.456
11.894
13.092
15.115
16.748
17.271
17.219
16.981
16.351
15.836
15.743
15.850
15.073
14.143
13.285
12.067
10.969
10.661
9.894
10.157
9.876
9.713
9.457
9.411
10.017
11.139
11.633
12.456
13.809
14.540
15.123
15.266
14.880
14.622
14.194
13.755
13.106
12.449
11.870
10.994
9.954
10.071
10.522
10.805
10.704
10.563
10.367
10.716
11.976
14.638
18.507
23.146
25.280
25.654
25.374
24.630
23.605
22.718
21.748
20.552
18.348
17.047
16.010
14.123
11.929
10.989
10.522
10.805
10.704
10.563
10.367
10.716
11.976
14.638
18.507
23.146
25.280
25.654
25.374
24.630
23.605
22.718
21.748
20.552
18.348
17.047
16.010
14.123
11.929
10.989
10.522
10.805
10.704
10.563
10.367
10.716
11.976
14.638
18.507
23.146
25.280
25.654
25.374
24.630
23.605
22.718
21.748
20.552
18.348
17.047
16.010
14.123
11.929
10.989
10.522
10.805
10.704
10.563
10.367
10.716
11.976
14.638
18.507
23.146
25.280
25.654
25.374
24.630
23.605
22.718
21.748
20.552
18.348
17.047
16.010
14.123
11.929
10.989
