7117
6954
7015
6939
6942
6851
6865
7031
6774
6899
7016
7114
7455
7712
7753
7748
7923
7828
7790
8249
8212
8260
8487
8491
8613
8705
8803
8812
8817
8716
8592
8405
8093
8080
8046
7888
7872
7657
7522
7153
6760
6956
6807
6855
6769
7093
6939
6663
6504
6403
6343
6322
6159
5943
5828
5864
6125
5987
6005
5931
5870
5431
5420
4762
4857
5360
5749
5687
5568
5792
5865
6387
6215
6377
6459
6620
6479
6502
6422
6382
6336
6046
5913
6097
6525
6616
6715
6758
6702
6910
6595
6486
6249
5971
6094
5992
5792
5780
5649
5775
5396
5334
5288
5612
5973
5403
5444
5236
4482
3675
3249
3221
3006
2737
2744
2558
2386
2330
2417
2301
2439
2493
2683
2562
2625
2730
3017
3322
3656
4028
4188
3990
3742
3547
3385
3147
2904
2864
2556
2427
2336
2271
2193
2167
2353
2502
2528
2486
2545
2766
2812
2907
3089
3290
3434
3590
3693
2431
3840
3908
4022
4049
4193
4202
4130
4226
4223
4157
4250
4470
4412
4273
4300
4051
3799
3741
3725
3822
3819
3922
4006
3884
3874
3982
4054
3872
3804
3945
4066
4085
4290
4482
4315
4594
4700
4576
4532
4826
4704
5005
5011
4939
5018
4767
4751
4556
4379
4061
4423
4713
5218
5566
5807
5847
6240
6334
6294
6261
6071
5610
5730
5716
5871
6120
6442
6470
6509
6693
6800
6730
6344
6287
6351
6087
5939
5966
5835
5809
5733
5818
5769
5951
6247
6340
6551
6637
6696
6716
6705
6660
6790
6890
6931
6820
6880
6491
6267
6596
6763
6777
6881
6830
6957
7008
7049
6797
7017
6803
6972
7237
6827
6702
6766
6591
6501
6189
6250
6079
6002
5264
4715
4346
4426
4995
4975
4733
4791
4934
5001
5111
5023
5067
4916
4890
4882
4925
4956
4954
4921
5071
5144
5421
5624
6052
6394
6617
6839
7055
7060
7055
7153
7098
7641
7709
7892
7859
7884
7847
7832
7897
8083
8356
8585
8510
8337
8486
8195
8216
8228
8066
8207
7906
8005
8126
8168
8422
7852
7759
7633
7483
7301
7262
7123
7046
7109
7135
7038
7205
7372
7707
7542
7568
7836
7818
7592
7518
7273
7189
7214
7109
6803
7192
6752
6432
6342
6220
6021
5933
6270
6461
6331
6755
6556
6889
7051
7280
7398
7217
6926
6776
6361
6657
6383
5738
5475
5292
5310
5240
5476
5418
5310
5069
4928
5097
4884
4813
4559
5310
5562
5746
5899
6051
6101
6151
6183
6077
5928
5948
5898
5623
5631
5671
5479
5365
5347
5455
5638
5847
6103
6293
6580
6739
6900
7037
7083
7172
7061
6918
6581
6437
6493
6740
6569
6108
6099
5888
5669
5305
4996
4921
4643
4420
4351
4215
4677
4916
4962
5018
4885
5045
5446
5370
5302
5664
5799
5667
6186
6081
6239
6125
6350
6409
6486
6463
6495
6464
6536
6661
6621
6517
6486
6509
6702
6660
6566
6552
6517
6679
6670
6703
6422
6075
6017
5931
5922
5891
5700
5916
5798
5688
5801
5651
5568
5577
5500
5570
5497
5262
5391
5460
5574
5872
5887
5951
5939
6073
6112
6103
6192
6267
6301
6260
6345
6361
6456
6402
6512
6509
6525
6512
6628
6609
6497
6338
6075
6001
5999
5771
5729
5682
5718
5785
5968
6137
6097
6168
6153
5899
6109
6052
6047
5993
5986
5921
5979
5895
5984
5952
7106
7482
7804
7763
7856
7960
7840
7911
7898
7970
7721
7447
6998
6856
6328
5988
6175
6355
6416
6377
6323
6326
6226
6167
5959
5896
5826
5786
5749
5964
6114
6146
6155
5911
5593
5730
5718
5635
5632
5721
5956
6310
6638
6753
6765
6870
6867
6540
5916
5612
5528
5649
5691
5723
6099
6222
6540
6766
7003
7084
6877
6789
6998
7192
7130
7244
7083
6821
6484
6424
6594
6701
6546
6620
6428
6541
6426
6625
6329
6420
6499
6402
6312
6141
6030
6000
5940
6264
6212
6609
6919
7012
6924
6815
6949
7215
7327
7384
7428
7493
7609
7521
7562
7505
7547
7803
8188
8121
8161
8539
8643
8672
8918
9104
9160
9024
8888
8628
8399
8255
8245
8247
8336
8110
8028
8359
8182
7945
8000
7950
7826
7736
7471
7344
7250
7384
7457
7537
7541
7504
7207
6933
6694
6598
6414
6211
6043
6055
6036
5967
5766
5607
5573
5854
6179
6329
6354
6297
6447
6608
6821
7074
7162
7600
7680
7040
7548
7636
7643
7662
7695
7711
7718
7708
7746
7465
7648
7532
7446
7227
7203
7113
7088
7033
6956
7106
7176
6953
6689
6652
6443
6352
6478
6675
6699
6582
6367
6457
6365
6536
6429
6462
6222
6665
6238
5786
6023
6026
5997
6294
6291
5945
5504
5193
4940
5106
5235
4925
4845
4738
4480
4497
4407
4333
4340
4128
4017
3895
3803
3851
3822
3936
3858
3893
4056
4075
3945
4174
4298
4326
4358
4373
4193
4059
4411
4037
3835
3838
3796
4084
3988
4019
3747
3780
3751
3607
3695
3633
3574
3593
3556
3392
3065
2965
2859
2776
2718
2421
2215
2283
2513
2481
2647
2532
2571
2677
2483
2341
2491
2509
2640
826
2814
3004
3169
3338
3322
3347
3465
3493
3576
3820
3666
4157
4144
4127
4151
4224
4184
4246
4213
4048
4034
3998
4028
4031
3823
3646
3669
3559
3581
3570
3566
3476
3505
3304
3261
2908
2720
2535
2457
2259
2319
2204
2112
2263
2206
2067
1982
1938
1797
1666
1488
1425
1260
1147
1062
1051
1077
1058
898
1029
982
961
952
834
890
907
986
1077
1049
1111
1065
1106
1110
1116
1226
1281
1353
1339
1309
1316
1218
1143
1814
1110
1172
1237
1208
1247
1308
1342
1336
1319
1347
1476
1461
1586
1621
1724
1726
1844
1976
2138
2174
2233
2260
2303
1825
2643
2834
2799
2711
2678
2774
2802
3078
3308
3378
3454
3449
3548
3465
3709
3709
3746
3943
3948
3999
3956
3840
3884
3860
3741
3730
3662
3714
3493
3439
3189
3083
2890
2735
2535
2465
2482
2255
2242
2327
2101
2217
2126
1959
1867
1852
1728
1574
1573
1493
1380
1217
1097
1060
1017
968
915
883
894
952
918
971
1023
999
956
919
876
864
801
830
863
1724
845
863
881
884
879
874
860
913
920
882
800
824
932
947
919
969
1039
1134
1376
1518
1575
1657
1802
1777
2024
2089
2205
2224
2362
2492
2680
2840
2892
2932
3104
3009
2852
2958
2952
2893
2921
2840
2878
2877
2986
2998
3069
3042
3118
3149
3257
3098
3345
3623
3928
3911
3863
3940
4038
4394
4468
4467
4649
4902
4978
5070
5039
5067
5236
5374
5496
6193
5666
5715
5861
5985
5892
5980
5722
5667
5688
6119
6078
6216
6435
6373
6430
6343
6080
6280
6156
6395
6669
6412
6678
6626
6736
6617
6536
6460
6383
6266
5685
5670
5489
5949
6093
6173
6101
6135
6185
5985
5966
6105
6113
6107
6406
6201
6137
6308
6260
6276
6098
6016
5898
6040
5984
5612
5343
5407
5270
5183
5231
4928
4980
5223
5004
4917
4794
4995
5012
5072
4869
5570
4826
4765
4718
4848
4996
4793
4855
4894
4784
4737
4760
4779
1700
5299
5368
5242
5237
5077
5343
5302
5590
5741
5987
5013
6232
6439
6479
6565
6754
6538
6571
6591
6356
6579
6487
6676
6469
6365
6090
5573
5293
5189
5268
5081
4931
4951
4670
4440
4570
4588
4903
4848
5019
5084
5198
4947
4931
5336
5336
5340
5506
5682
5890
5866
5693
5629
5596
5299
5554
5363
5124
4939
5316
5684
5926
5829
5857
5798
5658
5753
5329
5507
5518
5500
5551
5541
5361
4914
4685
4608
4565
4459
4199
4056
4204
5602
3600
3867
4024
3863
3887
3930
4140
4328
4598
4945
5415
5494
5398
6027
6060
5954
5627
5645
5760
6023
5872
5770
5741
5882
5524
5391
5421
5253
5082
5141
5309
5606
5967
6111
6302
6142
6261
6068
6352
6305
6440
6470
6554
6949
7088
7050
6829
5847
7008
7438
7559
7614
7610
7578
7270
7294
7460
7640
7749
7819
7968
8453
8044
8080
7651
8155
7876
7804
7797
7547
7038
7592
6773
7108
6531
6505
6506
6370
6088
6325
6288
6248
5993
5805
6040
6044
6180
6267
6325
6367
6684
6878
6671
6562
6604
6484
6645
6748
6991
6705
6574
6608
7043
6994
7444
7282
7391
7218
7367
7457
7319
7071
6813
6439
6247
6117
6063
5855
5885
6114
5919
5772
5925
5689
5591
5333
5459
5253
5097
5075
4886
4435
4550
4807
4712
4594
4488
4522
4833
4358
4458
5081
5162
5783
4956
5041
5254
4964
4788
5042
5000
4837
4579
4641
4456
4422
4533
5085
5051
5380
5630
5462
5840
6288
6040
5975
6193
6242
6617
6714
6681
6886
7100
7064
6852
6855
6934
7133
7087
6915
6948
6697
6433
6468
6676
6771
6954
6847
6731
6805
6825
7110
6821
6863
7013
6769
6615
6543
6647
6869
6793
6827
6823
6909
6929
6701
6266
6043
5859
6013
6078
6212
6185
6110
6194
6363
6340
6272
6309
6181
6230
6256
6288
6514
6711
7221
7714
8293
8462
8509
8419
8524
8286
8097
8118
7907
7797
7815
7894
7969
7902
7716
7571
7510
7340
7582
7779
7947
7719
7863
7779
7714
1818
7277
6928
6586
6017
5858
5801
5850
5846
5742
5765
5886
5850
5626
5773
5669
5787
5695
5718
5702
5676
5512
5775
5834
5826
5736
5527
5269
5150
5054
5043
4978
4997
4841
4636
4392
4217
3983
3734
3917
3801
3866
3776
3932
4176
4314
4493
4535
4602
4598
4457
4516
4258
4135
3798
4034
4112
3850
3945
3977
4009
4060
4015
3892
3768
3624
3502
3522
3527
2196
3657
3633
3633
3567
3577
3397
3106
3042
3073
3129
3071
2893
2927
2735
2693
2801
2589
2674
2642
2603
2538
2529
2673
2970
3232
3374
3559
3436
3247
3359
3210
2952
2974
2906
2895
2981
2961
2862
3071
2983
3043
3480
3479
3722
4020
4223
4256
4181
4754
4966
5182
5062
5255
5174
4887
4755
4718
4507
4512
4633
4482
4196
3895
3553
3452
3552
3486
3360
3271
3103
2963
2727
2685
2803
2684
2617
2596
2300
2204
2265
2169
2414
2458
2514
2449
2482
2668
3020
3141
3417
3602
3667
3657
3918
4370
4460
4513
4593
4530
4496
4108
3598
3382
2770
2414
2253
2021
1965
2244
2306
2599
2569
2664
2804
3014
3175
3260
3479
3490
3318
3243
3332
3448
3449
3539
3498
3316
2816
2560
2269
2287
2036
2253
1755
1928
1579
1864
1723
1805
1946
2073
2177
2258
2346
2430
2586
2659
2624
2773
2665
2689
2555
2551
2555
2529
2551
2581
2623
2597
2498
2536
2554
2421
2437
2481
2570
2492
2416
2428
2464
2495
2468
2529
2578
2553
2527
2533
2570
2531
2541
2513
2522
2504
2495
2485
2462
2515
2589
2592
2619
2626
2649
2627
2731
2883
2900
2885
2818
2755
2729
2718
2718
2610
2648
2548
2469
2294
2021
2296
2273
2156
2072
2117
2194
2171
2155
2247
2176
2193
2233
2210
2352
2300
2250
2279
2004
1946
1864
2124
2236
2189
2211
2335
2229
2623
2754
2693
2560
2485
2330
2216
2157
2189
2076
1823
2017
1960
1949
1965
2045
1982
1815
1882
1870
1912
1965
2159
2327
2403
2412
2401
2392
2363
2559
2423
2266
289
2627
2726
2836
2883
2955
3067
3082
3014
3061
3006
2904
3024
3130
2934
2698
2686
2653
2616
2639
2759
2787
2787
3189
3275
3250
3240
3292
3303
3148
3399
3543
3804
3818
3827
3486
3567
3796
3861
3895
3862
3704
3960
3998
3960
3711
3666
3765
3674
3837
3642
3623
3414
3344
3452
3400
3240
3178
3153
3161
3110
3205
3246
3197
3137
3138
3169
2931
2878
2855
2787
2503
2327
2380
2357
2192
2280
2181
2139
2055
1917
1806
1760
1708
1589
1539
1457
1533
1524
1483
1453
1401
1330
1437
1491
1570
1557
1487
1446
1431
1454
1524
1594
1646
1721
1782
1848
2021
2040
2071
2056
2022
1950
1863
1811
1747
1773
1649
1584
1470
1410
1395
1374
1429
1440
1322
1286
1300
1307
1307
1358
1298
1343
1352
1327
1291
1268
1257
1222
1183
1154
1120
1111
1239
1201
1103
1148
1081
1132
1103
1115
1159
1280
1322
1512
1579
1489
1466
1438
1482
1515
1541
1513
1428
1429
1443
1402
1433
1339
1324
1278
1299
1279
1284
1367
1492
1634
1791
2004
2208
2224
2211
2301
2412
2487
2564
2618
2575
2486
2477
2729
2971
3058
3065
3137
3181
3112
2960
2683
2598
2543
2377
2222
1966
1702
1498
1407
1284
1180
1125
1077
1163
1316
1472
1585
1801
2039
2448
2505
2480
2791
2882
3162
3296
3479
3759
3849
4167
4351
4817
5075
5472
5711
5774
6104
6692
6894
7179
7420
7496
7477
7813
7873
7657
7561
7466
7135
6621
6612
6652
6635
6783
6744
6458
6093
5486
5136
5275
5146
4894
4786
4891
5124
5191
5215
5208
5205
5035
4948
4878
4855
4932
4895
4986
4826
4707
4507
4566
4613
4456
4307
4068
4109
3944
4001
4003
3714
3722
3444
3261
3246
3114
3296
3338
3504
3720
3792
3741
3688
3926
4089
4088
4025
4025
3837
3747
3959
4182
4269
4427
4331
4472
4762
4692
4620
4619
4664
4501
4318
4312
4164
4165
4245
4012
4040
4034
4005
4027
4065
4167
4260
4314
4529
4484
4481
4602
2480
4881
4766
4673
4249
4047
3895
3862
3777
3591
4613
3487
3467
3626
3819
3618
3458
3467
3321
3631
3782
3877
4000
4066
4120
4056
4212
4410
4186
4093
4187
4126
4038
3958
4480
4105
4097
3959
4355
4330
4352
4422
4338
3820
3237
3029
2885
2140
1711
1698
1846
1898
1956
1959
661
2099
2201
2351
2589
2579
2806
2829
2999
3106
3234
3266
3118
3225
3148
3088
3253
3131
3130
3016
2716
2584
2511
2588
2602
2675
2831
2942
3540
3101
3190
3663
3632
3370
3218
3533
3771
3915
4101
4374
3999
4119
4329
4936
4778
4994
4885
4767
156
4449
4406
4404
4367
4484
4534
4567
4571
4551
4505
4258
4060
4205
3995
3979
3996
4060
4042
4163
4241
4332
4578
4506
4334
4009
4101
3970
3585
3921
3612
3721
3927
3943
4061
4005
4058
4090
4184
4110
4053
4381
4141
4167
4377
4402
4701
4627
4608
4553
4432
4515
4753
4791
5149
5215
5028
5138
5043
5216
5445
5590
5646
5659
5671
5806
5932
6147
6232
6257
6284
5822
5686
5600
5495
5454
5072
5105
4894
4889
4919
4784
4883
4817
4669
4799
5100
5344
5347
5493
5562
5483
5674
5441
5351
5386
5413
5506
5409
5465
5208
5283
5358
5473
5558
5830
5876
5707
5767
5738
5302
5409
5216
5267
5456
5445
5359
5228
5222
5029
4950
4760
4786
4829
3895
5136
5111
4840
4841
4849
4791
4684
4356
4655
4669
4634
4811
4691
4444
4089
3985
3440
3011
2793
2806
2950
3138
3464
3618
3675
3641
3768
3783
3855
3540
3338
3185
3126
3166
3328
3457
3655
3667
3676
3581
3399
3136
2619
2405
2101
2115
2186
3104
2078
2261
2402
2236
2333
2517
2567
2958
2873
2987
3001
3364
3893
3890
3856
4005
4080
4078
4098
4087
4104
4217
4236
3169
4469
4574
4186
4334
4430
4412
4310
4243
3940
3830
3543
3513
3446
3144
2946
3052
2808
2826
2906
2825
3038
2929
2784
3108
2563
2463
2485
2707
2576
2359
2342
2219
2185
2068
2068
2335
2435
2536
2721
2594
3003
3188
3419
3710
4155
4665
5064
6062
5484
5568
5680
5718
5806
5875
5826
5755
5758
5400
5141
4908
4882
5151
5526
5685
5780
6042
5890
5942
5978
5920
5637
5675
5623
5809
5724
5913
5998
5763
5795
5936
5815
5757
6033
5849
5982
5919
6180
6386
6624
6907
6864
6846
6879
6844
6916
6618
7006
6972
7099
7171
7019
7054
7176
7291
7257
7253
7242
7304
7284
7120
7036
7171
7086
7023
6884
6699
6593
6367
6608
6451
6301
6347
6312
6299
6351
6245
6407
6472
6593
6462
6467
6603
6796
6773
6930
7047
6960
6763
6582
6466
6352
6290
6515
6668
6225
6414
6258
6336
6379
6317
6251
6343
6224
6282
6281
6098
5803
6049
6195
5906
5505
5189
5095
4770
4867
4641
4367
4334
4443
4216
3918
3710
3613
3430
3292
3121
2795
2771
2613
2503
2456
2414
2324
2110
2008
1750
1589
1503
1290
1245
1281
1130
1248
1260
1333
1484
1608
1738
1836
1927
2239
2805
3287
3555
3666
3716
3801
3880
3948
4229
4342
4339
4436
4632
5115
5428
5273
5233
5352
5449
5367
5411
5145
5181
5192
5090
5324
5261
5034
5289
5420
5551
5388
5202
5344
5015
5070
5394
5724
6065
6030
6003
6075
6011
6054
6072
5643
5384
5561
5944
5717
5483
5295
5444
5416
5435
5648
5810
5899
5866
5723
5738
5604
4755
5267
5576
5625
5561
5567
5728
5637
5641
5771
5745
5589
5476
5461
5290
5098
4845
4717
4400
4166
4281
4122
4082
4044
4225
3859
3938
3815
3749
3905
3799
3742
3655
3612
3707
3647
3763
4207
4730
5158
5509
5822
6081
5787
5645
5400
5311
5282
5363
5114
5035
4874
4746
4885
5137
5518
5595
5324
5017
4957
4841
4925
4770
4924
5113
5201
5140
4931
4976
5279
5390
5338
5124
6122
6332
6727
6770
6640
7002
7026
7316
7544
7518
7902
8057
7953
7848
7822
7722
7426
7076
6713
6379
6594
6446
6542
6550
6602
6444
6580
6565
6286
6149
6192
6370
6460
6653
6759
6767
6804
6932
6771
6688
6497
6415
6333
6585
6712
6737
6720
7092
6776
6791
6898
6983
6383
6114
5911
5662
5370
5630
6143
6386
6646
6539
6715
6623
6536
6469
6287
6189
6213
6080
5912
6282
5765
5703
5651
5326
5346
5241
5286
5027
5122
5292
5253
5325
5208
5115
4971
4937
5199
5128
5130
4980
5241
5403
5709
6007
5944
5998
6151
6405
6112
6007
6050
6324
6679
6857
6905
6676
6540
6442
6749
6568
6843
6879
7073
7064
7062
6983
7096
5833
6784
6984
6828
6945
7003
7047
6976
7060
6994
6799
6438
6206
6069
6005
6159
6337
6106
6003
5767
5930
6082
6427
6615
6962
6753
6788
6875
6911
6941
6968
6923
6980
7105
7200
6827
6704
6444
6340
6341
6401
6488
6191
6280
6538
6393
6286
6503
6789
6426
6116
6112
6077
6280
6363
6452
6824
6986
7175
7315
7554
7585
7516
7477
7383
7294
7281
7058
6667
6558
6494
6530
5406
6125
5793
5383
5378
5055
4794
4770
4721
4570
4510
4334
3919
3883
3992
4346
4483
4638
4618
4394
4431
4411
4543
4560
5010
4334
4421
4356
4529
4390
4262
4288
4337
4337
4535
4486
4462
4442
4309
4594
4887
4730
4637
4564
4464
4393
4306
4334
5577
4750
4843
4999
5158
5141
5038
4969
4777
4772
4830
4771
4860
4899
4807
4725
4821
4832
4882
5059
5032
5158
5263
5305
4202
4966
5112
5011
4786
4737
4902
4946
4870
5043
5070
5061
5044
4939
5016
4974
5154
4999
4983
5089
5043
4917
5025
5158
5878
5204
5154
5450
5458
5619
5680
5924
6048
6151
6385
6719
7084
7313
7495
7500
7584
7393
7357
7005
6647
6528
6236
6296
5247
6274
6149
5988
5824
5655
5602
5740
5974
6245
6475
6631
6815
6884
6922
6940
7011
6918
6651
6379
6321
6584
6518
6538
6563
6428
6417
6424
6429
6487
6591
6732
6895
7182
7323
7412
7498
7533
7586
7685
7767
7713
7669
7376
6811
6534
6345
6387
6195
5473
5533
5559
5103
5177
5174
4966
4776
4825
5032
4818
4771
4774
4482
4282
3815
3877
3590
3396
3392
3405
3687
4272
4817
4557
4694
4822
4976
4942
4928
4795
4629
4868
4870
4533
4123
3747
3827
3314
3427
3213
3360
2898
2486
2386
2175
2172
2124
1758
1511
1413
1365
1360
1432
1415
1605
1990
2312
2473
3034
3575
3581
4117
4482
4996
5176
5213
4921
4911
5017
5069
4603
5870
6040
4371
6145
6004
6079
6345
6651
6874
6996
6945
7202
7166
7161
6812
6698
6334
6238
6168
6139
6031
6006
6010
5973
5785
5599
5354
5425
5147
5012
4944
5074
5101
5285
5218
5102
5079
4836
4644
4597
4134
3861
3735
3530
3465
3394
3295
3259
2916
2833
2662
2275
2204
1793
1548
1486
1474
1387
1377
1485
1661
1835
1943
2033
2115
2125
2047
2067
2144
2324
2444
2624
2933
3059
3172
3256
3386
3594
3785
3939
4236
4567
4836
4800
4742
4982
5089
5201
5498
5455
5416
5434
5405
5484
5549
5556
5789
5831
5851
5805
5784
5880
5886
5668
5552
5009
4789
4060
3644
3407
2932
2750
2343
2087
1664
1366
1248
1253
1320
1778
1176
1328
1713
2064
2588
2824
2771
3192
3836
4049
4232
4351
4566
4611
4701
4964
5043
5249
5124
4965
5093
5277
5416
5227
5493
5419
5483
5420
5526
5678
5747
6169
6103
5793
5558
5415
5140
4853
4509
4309
4369
3825
3677
3421
3537
3133
3127
3401
2602
2187
1808
1650
1530
1337
1263
1192
1184
1197
1156
1109
1104
1178
1229
1307
1307
1202
1219
1079
1040
1062
1091
856
1222
1310
1413
1543
1610
1625
1699
1821
2075
2303
2425
2367
2302
2207
2181
2159
2192
2361
2319
2301
2296
2280
2449
2565
2650
2573
2561
2479
2375
2682
2798
2676
2711
2885
2919
2906
2936
2889
2992
3088
2797
2661
2284
2209
2114
2266
2140
2405
2115
2316
2385
2573
2605
2671
2648
2588
2709
2809
2906
3023
3183
3362
3549
3468
3376
3389
3410
3282
3095
2896
2719
2493
2535
2593
2561
2767
2813
2759
2686
2609
2631
2667
2789
2817
2844
3034
3076
3094
3072
2979
2996
2743
2875
2890
2850
1942
2696
2623
2715
2816
2798
2828
2888
3010
3092
3271
3283
3618
3818
4056
4168
4210
4046
3737
3675
3389
3124
3304
2906
3295
2558
2488
2400
2432
2284
2173
2222
2317
2192
2111
2200
2199
2281
2294
2309
2214
2156
2070
1909
1673
1520
1550
1461
1418
1351
1338
1305
1183
1080
1083
1211
1312
1302
1358
1350
1276
1369
1347
1207
1155
1102
1023
1036
1093
1088
1061
1117
1220
1364
1400
1391
1478
1566
1631
1624
1648
1781
1946
2048
2184
2281
2377
2344
2350
2248
2169
1885
1630
1437
1358
1350
939
1283
1278
1170
1107
1077
1122
1264
1463
1641
1807
1919
2091
2226
2395
2446
2498
2544
2488
2409
2426
2514
2573
2462
1423
2237
2212
2184
2225
2261
2296
2414
2479
2583
2621
2639
2673
2654
2792
2895
3005
2965
3000
2724
2429
2173
2072
1977
2487
1563
1444
1362
1366
1354
1364
1399
1520
1516
1651
1736
1773
1849
1899
1949
1936
1867
1644
1374
1346
1185
1035
1077
2192
1111
1060
1086
1196
1197
1336
1459
1518
1595
1659
1775
1862
1878
2056
2011
2122
2000
1882
1889
1808
1969
1995
1960
1663
2032
2088
2121
2075
2038
2170
2327
2359
2469
2459
2481
2609
2724
2790
2965
3070
3001
2972
2772
2684
2555
2522
2201
1581
2709
2774
2814
2882
2841
3051
3340
3547
3605
3576
3596
3563
3570
3625
3546
3407
3537
3480
3341
2969
2742
2678
2951
3234
3055
3005
2918
2965
3165
3310
3447
3455
3550
3393
3371
3609
3537
3609
3743
3637
3694
3485
3263
2834
3059
3037
2532
2788
1896
1889
1937
2008
2193
2299
2576
2495
2454
2514
2583
2583
2700
2587
2621
2735
2985
3102
3151
2929
2772
2738
2636
2356
2366
2298
2274
2216
2148
2178
2261
2349
2455
2597
2643
2599
2566
2524
2526
2552
2552
2524
2493
2430
2339
2360
2364
2312
2316
2258
2189
2043
2159
2085
2188
2071
2112
2067
2108
2126
2301
2434
2448
2419
2480
2539
2407
2376
2437
2335
2400
2271
2446
2337
2202
2264
2245
2286
2286
2337
2436
2633
2641
2719
2820
2861
2903
2944
3006
3048
3475
3666
3772
3796
4390
4470
4515
4648
4495
4293
4214
4331
4214
4216
3856
4034
3892
3732
3645
3652
3702
3679
3481
3474
3084
2892
2900
2933
3124
3101
2908
2816
2727
2729
2776
2705
2608
2618
2598
2483
2492
2192
1959
1782
1762
1681
1602
1581
1601
1413
1304
1100
910
1064
1008
964
1069
1085
1255
1326
1348
1511
1421
1551
1507
1439
1470
1611
1450
1375
1197
1142
1144
1047
1064
981
837
735
869
894
866
927
899
868
832
918
796
834
824
763
741
759
712
691
726
715
695
627
539
513
457
674
507
550
501
567
626
594
539
547
589
734
797
813
886
967
1040
1109
1196
1253
1241
1240
1271
1323
1333
533
1290
1299
1340
1414
1484
1575
1733
1847
2081
2234
2429
2574
2664
2823
3010
3126
3193
3275
3408
3429
3496
3849
4129
4177
4374
4590
4770
4816
4807
4877
5030
5155
5259
5542
5551
5241
5012
4785
5154
5082
5244
5392
5522
5474
5367
5485
5611
6014
5822
5706
5634
5434
5593
5814
6413
6692
6694
6581
6458
6672
6621
6677
6665
6652
6546
6351
5863
5821
5592
5301
5197
5391
4633
4340
3992
3962
3685
3484
3216
3248
3175
3009
2836
2627
2555
2522
2520
2269
1983
1746
1549
1461
1352
1527
1667
1488
1867
2025
2077
2243
2406
2406
2503
2599
2540
2326
2171
2115
2172
2155
2220
2232
2190
2246
2050
1804
1767
1808
1890
1774
2107
2441
2607
2875
3062
3468
3957
4564
4949
5186
5519
5618
5792
5837
6299
6422
6606
6576
6675
6403
6252
6520
6462
6531
6488
6391
6162
6416
6292
6139
6133
5952
5951
5930
5723
5664
5971
5628
5403
4857
4635
4573
4587
4645
4460
4386
4531
5227
4642
4587
4590
4609
4404
4250
4127
3975
3938
3779
3914
4025
3965
4004
3986
3815
3312
2940
2765
2726
2726
2472
2570
2828
3487
4236
4597
4724
4851
5064
4880
5337
5351
5677
5815
5895
5970
6022
5917
5997
6314
6182
5938
5824
5680
5690
6185
5880
6222
6196
6313
6284
6320
6159
6158
6111
6212
6371
6288
6125
5979
5679
5743
5777
6126
6235
6440
618
6285
5928
5555
5321
5120
5039
5284
5395
4918
4681
4803
5200
5409
5550
5959
6281
6480
6393
6577
6509
6381
6272
6043
5921
5897
6127
6026
6123
6357
6419
6193
6093
6173
6368
6540
6275
6186
6581
6506
6956
7213
7359
7475
7368
7196
7148
7203
7042
6863
6711
6725
6971
6650
6715
6656
6406
6672
6353
6493
6368
6453
6595
6625
6575
6690
6607
6568
6470
6491
6305
6106
6151
6028
6063
6112
6033
6045
6138
6188
6367
6407
6487
6519
6525
6495
6578
6599
6635
6525
6599
6491
6479
6668
6548
6646
6552
6571
6752
6842
6404
6795
6714
6743
6839
6752
6639
6445
6136
5867
5761
5606
5384
5181
5191
4898
4858
4539
4587
4286
4193
4115
3929
3894
4107
3210
2942
2835
3167
3205
3061
3249
3201
3107
3253
3185
2843
2612
2406
2059
1744
1558
1384
1134
850
712
602
548
704
424
375
338
312
314
350
383
444
529
610
736
869
984
1232
1452
1797
2032
2230
2468
2637
2675
2792
3093
2207
3072
2998
2993
2942
2836
2703
2614
2668
2635
2567
2576
2568
2587
2579
2635
2521
2463
2314
2063
1761
1590
1456
1337
2166
1399
1512
1810
1760
2178
2293
2214
2168
2270
2108
2058
2058
1996
2040
2135
2303
2236
2378
2424
2355
2163
2109
2254
2271
2336
2282
2136
2003
1958
2105
2234
2126
2061
2157
2116
2144
2151
1987
2056
1992
2025
1827
1808
1800
1889
1931
2043
1611
2060
2035
1946
1955
1817
1800
1643
1572
1655
1731
1844
1938
1979
2187
2183
2115
2088
2064
1858
1655
1524
1429
1400
1263
1424
1402
1362
1317
1293
1298
1345
1429
1504
1558
1635
1663
1658
1688
1706
1701
1613
1493
1329
1161
994
897
853
1434
768
780
762
718
675
639
625
606
511
485
472
462
487
526
538
549
534
520
479
462
466
502
549
887
665
676
690
721
753
795
824
869
971
1004
1156
1297
1340
1399
1444
1488
1443
1478
1442
1495
1573
1733
1974
1383
1967
1840
1880
1920
2018
2063
2036
2031
1997
1978
2047
1996
2013
1961
2007
2009
1935
1898
1931
1845
1783
1823
1871
1558
2015
2033
2063
2063
2152
2103
2084
2106
2184
2257
2242
2239
2269
2308
2293
2290
2204
2063
1977
1840
1766
1759
1751
2426
1611
1617
1546
1505
1601
1624
1667
1622
1536
1524
1447
1335
1334
1315
1295
1295
1192
1078
951
828
732
668
605
523
484
426
393
368
353
338
343
395
429
486
540
563
612
648
679
690
690
683
700
701
674
684
670
886
701
738
840
877
925
994
971
949
969
1041
1046
1022
1018
1019
1021
1050
1041
978
936
834
781
788
829
840
811
858
845
891
879
876
883
851
928
963
1057
1148
1193
1259
1336
1411
1530
1676
1792
1958
2127
2309
2503
1496
2761
2777
2944
3107
3173
3249
3224
3348
3270
3196
3170
3212
3183
3169
3234
3273
3205
3000
2930
2749
2631
2595
2598
2321
2434
2365
2307
2191
2134
2157
2250
2326
2418
2462
2466
2687
2821
2765
2697
2679
2679
2729
2758
2750
2859
3171
3296
4228
3461
3679
3745
3831
3915
3883
3627
3628
3725
3796
4129
4586
5056
5276
5502
5469
5341
4934
4534
4506
4594
4781
5185
5466
4980
4739
4873
4440
4380
4640
4720
5070
5155
5289
5205
5398
5966
6267
6548
6759
7092
7289
7172
7310
7249
6995
6712
5387
6112
5699
5161
5014
5011
4848
4969
5671
5668
5655
5734
5292
5238
5318
4742
4800
5063
5067
4826
4627
4554
4674
4393
4703
3957
3922
3715
3710
3729
3916
3809
3683
3710
3994
4007
3919
4341
4307
4329
4259
4218
4031
3777
3625
3670
4447
4958
4918
5170
5140
4944
5017
5004
5129
5353
5424
5677
5542
5255
5015
4662
4288
4049
3806
3349
2951
2471
2270
2026
1820
1685
1785
1517
1436
1307
1160
1035
1086
1116
1064
1081
991
843
876
943
1025
1203
1486
1674
1995
2281
2696
3022
3236
3280
3004
3390
3452
3653
3803
3965
4299
4219
4406
4593
4738
4782
4797
4883
4916
4874
4938
5143
5058
4935
4646
4461
4341
4132
4428
3980
3808
3801
3954
4162
4243
4518
4604
4905
5208
5350
5359
5650
5728
5736
5767
5725
5792
1307
5723
5614
5603
5477
4479
5437
5396
5308
5293
5238
5155
4938
4882
4929
4921
4953
5010
5165
5119
5140
5257
5140
4958
4716
4704
4849
4792
4776
4927
4670
4717
4853
4816
4876
4594
4418
4450
4433
4296
4194
4203
4164
4312
4275
4140
4160
3910
3505
3063
2825
2668
2722
2908
2791
2778
2672
2636
2628
2697
2840
2866
2887
2837
3095
3120
2950
2734
2547
2278
2077
2034
1867
1677
1503
1273
1161
1271
1155
1107
1065
1018
1032
1021
1016
1050
1044
1063
1039
999
1043
1112
1130
1133
1042
1037
925
247
208
195
773
1160
1012
1061
1178
1281
1443
1490
1527
1574
1575
1807
2014
2379
2515
2603
2669
2680
2607
2533
2429
2320
2321
2343
2325
1849
2322
2358
2301
2221
2285
2368
2306
2465
2585
2589
2697
2745
2864
2674
2794
2772
2813
2701
2438
2314
2259
2004
1883
2078
1848
1699
1554
1488
1446
1511
1508
1684
2060
2627
2787
2743
2856
3012
3343
3414
3400
3385
3277
3363
3396
3514
3470
2314
3163
3022
2860
2754
2719
2645
2604
2597
2620
2767
2857
2888
3025
2963
2915
2920
2763
2515
2321
2264
2301
2318
2358
2635
2456
2550
2704
2704
2749
2793
2870
3029
3363
3538
3684
3745
3801
4223
4315
4192
4072
3837
3465
3191
3044
2847
2605
2614
2468
2325
2045
1892
1783
1686
1727
1852
2004
2243
2212
2195
2201
2146
2186
2195
2428
2609
2734
2716
2616
2502
2499
2518
2303
2162
2084
1947
1892
1664
1540
1679
1704
1760
2142
1992
2071
1850
1815
1864
1863
1549
1461
1409
1545
1390
1095
1777
1063
1009
1014
916
1006
926
972
812
758
748
740
790
744
800
806
841
833
876
791
796
720
728
701
732
687
750
866
855
1040
1069
1062
1087
1056
1213
1310
1441
1539
1616
1700
1819
1915
1932
2124
2098
2018
2080
2047
1076
1929
1881
1759
1645
1593
1592
1566
1517
1584
1575
1641
1671
1734
1772
1814
1825
1898
1855
1650
1520
1688
1715
1605
1930
1537
1455
1362
1307
1377
1423
1408
1487
1748
2018
2031
2135
2313
2456
2497
2544
2466
2242
2102
1808
1599
1460
1344
1392
1369
1275
1124
1044
945
919
864
878
776
758
662
629
641
681
774
890
1011
853
724
636
600
579
585
1044
659
557
651
712
797
770
819
853
923
955
978
1017
974
994
1056
1022
1043
980
906
843
783
764
723
498
742
752
783
811
821
882
846
818
852
940
1023
1030
1041
1040
1088
1060
1055
1057
950
875
849
851
832
874
848
839
814
857
920
939
989
1029
992
976
948
914
948
938
921
921
919
910
864
513
854
881
852
770
869
497
805
489
487
488
804
550
905
960
965
1001
1169
1276
1246
1257
1187
1222
1113
1027
1056
1205
1290
1612
1297
189
1561
160
1887
2135
2236
2186
2640
2737
2770
2883
2749
2800
3039
3342
3442
3503
3417
3395
3558
3635
3353
3286
3144
3009
3012
3054
2973
2900
2701
2723
2395
2359
2831
2938
2932
2985
3236
2913
2976
3344
3491
3850
3868
3762
3609
3321
3203
3069
3010
3139
3140
3456
3594
3469
3478
3574
3793
3869
3702
3490
3277
3186
3412
3311
3099
2778
2623
2250
1955
1971
1955
1979
1836
1800
1707
1750
1799
1930
2210
2288
2306
2339
2360
2347
2467
2455
2338
2259
2294
2262
2209
2002
2513
2058
2386
2570
2755
2954
3178
3257
3291
3733
3718
3745
3880
3823
3593
3423
3339
3039
3032
2999
3065
3064
3230
3140
3088
2486
3205
3050
3048
2999
2885
2860
2818
2613
2526
2649
2837
2659
2492
2478
2492
2500
2400
2373
2336
2400
2384
2550
2482
3409
2569
2589
2573
2601
321
2245
2529
2313
2415
2442
2265
2271
2722
2907
3395
3370
3560
3629
3659
3736
3872
3706
3674
3721
4256
4551
4899
5194
5499
5337
5438
5624
5561
5668
5524
5745
5778
5510
5492
5401
5404
5117
5018
4844
4885
4670
4839
4717
4658
4488
4590
4607
4474
4597
4362
4079
3854
3530
3347
3272
3434
3410
3513
3784
3968
4245
4481
4553
4657
4450
4505
4656
4455
4193
4061
3831
3327
3452
3890
4096
4217
4719
4748
4563
4631
4686
5084
4955
5111
5109
5019
4935
4749
5020
5026
4975
5108
5068
5132
5091
5057
4744
4391
4470
4629
4728
4419
4587
4386
4194
4569
4621
4422
4507
4250
4196
4150
4207
4118
3945
4291
4391
4258
4250
4203
4071
4145
4274
4303
4645
4765
4742
4609
4677
4798
5015
4801
4435
4073
3959
3598
3315
3155
3268
2708
2420
2224
2199
2231
2246
2433
2363
2625
3086
2877
2924
2819
2734
2753
2684
2542
2336
2182
2132
2096
2147
1929
1574
1896
1939
1839
1779
1663
1729
1738
1857
2013
2112
2012
1919
1874
1962
1888
1698
1506
1383
1299
1210
1225
1156
1198
1858
1177
1185
1103
1110
1202
1202
1131
1143
1236
1281
1284
1291
1482
1763
1995
2274
2167
1973
1898
1733
1775
1832
1826
1776
1683
1647
1568
1618
1576
1618
1687
1753
1873
2021
2102
2265
2402
2569
2893
3250
3348
3463
3584
3723
3877
3868
4216
4211
4688
4913
4945
5093
5150
5278
5348
5377
5583
5671
5698
5746
5868
6012
6076
6321
6239
6028
5876
5524
5321
5387
5191
5055
4985
5067
5357
5449
5591
5686
5727
5831
5859
5987
5882
6432
6441
6532
6273
6181
6104
5889
6017
5851
5780
5649
5281
5032
4933
4650
4385
4431
4349
4609
4642
4490
4886
4687
4438
4640
4478
4530
4599
4623
4552
4560
4558
807
4580
4576
4649
4536
4573
4749
4724
4598
4528
4449
4805
5237
4620
4982
5300
5302
5454
5421
5266
5034
4474
4325
3961
3361
3096
2875
2914
2898
2883
3086
3032
2917
2811
2637
2398
2524
2486
2565
2555
2595
2449
2496
2780
3018
3125
3059
2977
2935
3141
3273
3292
3547
3191
3312
3391
3548
3725
3961
4051
4014
3911
4258
4892
5086
5357
5717
5705
5705
6031
6171
6050
5883
5787
5823
5789
5902
5692
5840
5710
6388
6212
311
6009
5881
5971
5955
5825
5498
5200
5190
5283
5107
5253
5173
5364
5310
5144
4774
4181
4351
4104
4021
4121
4469
4727
4721
4783
4861
4623
4598
4705
4570
4435
4298
4266
4162
4181
4109
3986
3990
3978
3988
3993
3846
4133
4429
4632
4993
5391
5616
5704
5566
5500
5702
5779
5912
5887
6074
6131
6155
5890
5843
5769
5574
5463
5417
5289
4708
4948
4811
4707
4417
4255
4252
4108
3977
3937
3929
3833
3603
3479
3374
3312
3254
3267
3053
3109
3053
2929
2859
2882
2579
2962
2994
2863
2887
2854
3019
3054
3002
3006
3146
3131
3142
2952
2732
2580
2377
2193
2027
1924
1940
1936
1920
1875
1481
1764
1692
1680
1684
1774
1881
1936
1994
2075
2121
2116
2086
2051
2043
2020
1944
1731
1502
1370
1270
1203
1209
1210
2058
1295
1469
1540
1563
1723
1996
2374
2919
3248
3262
3381
3584
3745
3695
3592
3615
3470
3262
3385
3475
3464
3935
3954
4206
3895
3986
3893
3835
4005
3873
3317
3355
3675
4288
4645
4906
4840
4612
4466
4319
4149
4053
3961
3723
3636
3440
3318
2942
3199
3033
2941
2926
2559
2525
2495
2451
2423
2356
2009
1904
1808
1619
1273
1073
951
887
774
775
839
918
910
1557
1113
1187
1391
1629
1769
1696
1712
1924
2151
2399
2721
2917
3259
3439
3716
3778
3857
4013
4219
4466
4751
4839
4861
4778
4963
4777
4769
5016
5137
5422
5641
5557
5372
5452
5146
5131
4949
4818
4854
4982
4886
4733
4445
4093
4073
4273
4370
4469
4288
4196
4254
4401
4352
4493
4245
4300
4506
4299
4387
4710
4834
4750
4831
4754
4854
4897
4844
4875
4923
4960
4921
4978
4783
4724
4710
4890
4856
4972
5023
5238
5304
5352
5322
5333
5262
5301
5190
5083
4970
4886
4859
4591
4501
4501
4507
4592
4145
4101
3712
3710
3493
3372
3387
3336
3470
3828
4166
4518
4799
5011
5249
5220
5369
5494
5431
5454
5651
5641
5558
5180
5823
5698
5789
5731
5670
5720
5637
5531
5580
5605
5285
5282
5405
5163
4871
4659
4649
4785
4348
4038
3971
3746
3691
3637
3102
2976
2863
2752
2516
2475
2327
2153
1898
1814
1771
1730
1733
1803
1741
1617
1416
1229
1064
920
841
764
743
587
773
767
721
694
710
761
847
933
1087
1268
1445
1563
1711
1600
1731
1828
1857
2062
2417
2532
2593
2591
2639
2447
2646
2578
2676
2804
2791
2810
2968
3062
3371
3489
3602
3794
3910
4121
4297
4253
4222
4191
4136
4080
4049
4196
4260
3927
4020
3981
3745
3792
3711
3631
3683
3723
3801
3860
3784
3748
3381
3244
3102
2823
2656
2457
2306
2199
2124
1929
1905
2728
1730
1669
1671
1682
1746
1601
1586
1526
1467
1437
1311
1264
1193
1148
1216
1326
1420
1468
1611
1679
1750
1850
1987
2247
2500
2679
2713
2882
3224
3363
3586
3956
3900
3815
3869
4122
4249
4215
4227
4222
4187
4102
4242
4309
4106
4015
4081
3763
3839
3709
3530
3796
3970
3966
4262
4327
4120
4268
4364
4625
4527
4516
4835
5012
4650
4381
4505
4561
4525
4542
4254
3799
4257
4188
4030
3916
3951
3983
3968
3521
3721
3519
3655
3595
3452
3068
3063
2935
2750
2993
3320
3504
3380
3279
2992
3405
3410
3289
3368
3668
3815
4068
4031
3512
3463
3412
3474
3391
3316
3245
3425
3653
3597
3624
3860
3983
4047
3998
4340
4345
4216
4060
3966
3830
3708
3516
3614
3700
3639
3878
3945
4054
3806
3569
3334
3190
3001
3128
2955
2963
2714
2834
3020
2706
2667
2544
2514
2443
2371
2397
2450
2690
2660
2294
2403
2399
2650
2814
2871
3231
3632
3499
3412
3600
3478
3476
3369
3656
3558
3595
3159
3604
3785
3871
3940
3968
3491
3295
2879
2428
2386
2640
3019
3010
2941
2648
3007
3049
3178
3159
3241
3419
3443
3508
3649
3526
3566
3649
3631
3634
3675
3761
3896
4072
4199
4238
4404
4194
4151
4331
4536
4559
4699
4627
5052
4196
5195
5266
5209
5616
5581
5292
5617
5475
5283
5755
5648
5095
5284
5553
5488
5367
5432
5361
5303
5137
5147
5068
4867
4553
4712
4674
4617
4651
4951
5060
4904
4723
4544
4384
4342
4427
4524
4359
4058
4047
3880
3849
3581
3413
3117
3126
3130
3710
3087
3012
3090
3098
2590
2507
2291
2242
2279
2645
2537
2552
2434
2288
2353
2308
2161
2106
2208
2290
2504
2367
2232
2278
2259
2394
2488
2690
2571
2416
2329
2441
2201
2291
2264
2270
2167
2046
2018
2121
2139
2252
2382
2482
2528
2692
2719
3023
2832
2871
2892
3065
3158
3224
3452
3413
3366
3370
3350
3534
3544
3535
3388
3400
3330
3093
3253
3191
3074
2863
2788
2751
2562
2453
2358
2325
2360
2255
2315
2143
2202
2470
2507
2614
2719
2786
2778
2846
2975
3063
3235
3281
3300
3303
3299
2978
3376
3207
3263
3432
3446
3133
3146
3051
2988
2965
2907
2902
2243
2072
2002
2042
1922
1770
1610
1588
1628
1531
1535
1659
1265
1215
1168
1125
1056
978
952
909
807
892
1010
1100
1230
1350
1442
1428
1302
1335
1324
1329
1345
1353
1360
1229
1448
1447
1460
1510
1542
1548
1549
1584
1646
1767
1806
1882
1889
2083
2206
2125
2197
2271
2335
2269
2424
2514
2708
3081
3310
3299
3302
3304
3375
3577
3576
3623
3743
3722
3669
3393
3400
3328
3316
3480
3377
3665
3596
3733
3607
3606
3713
3615
3620
3501
3274
3069
3260
3117
3299
2981
2993
2544
2376
2352
2147
1965
1999
1762
1743
1962
2055
2080
2223
2257
2265
2031
2278
2335
2449
2397
2477
2413
2240
2368
2362
2346
2420
2418
2449
2387
2353
2330
2286
2287
2148
2149
2197
2251
2150
2200
2221
2210
2208
2334
2374
2533
2453
2493
2466
2425
2373
2401
2441
2301
2261
2258
2076
1984
1809
1714
1587
1609
1760
2020
1882
1680
1627
1605
1798
1886
1850
1726
1669
1665
1706
1804
1695
1947
1979
2067
2045
2294
2377
2420
2700
2726
2816
2974
3062
2930
2981
3223
3109
3270
3163
3036
3126
2951
2991
2976
2886
2738
2674
2487
2500
2359
2161
2278
2339
2306
2228
2038
2178
2230
2311
2261
2293
2249
2115
2073
1820
1796
1642
1564
1637
1608
1463
1436
1503
1698
1749
1966
2038
2229
2434
2013
2967
3102
3236
3689
3996
4131
4141
4150
4308
4365
4585
4766
4898
4817
4879
4876
5083
5425
5698
5632
5743
5759
5981
5794
6613
6745
6707
6412
6351
6238
6181
6063
5811
5751
6022
5887
5769
5986
6002
5969
5970
5627
5374
5126
4995
5129
5089
5900
4893
4699
4907
4552
4697
4722
4744
4560
4681
4504
4466
4547
4446
4312
4174
3822
3478
3666
3779
3842
3651
3525
3341
2386
3130
3241
3024
2837
2749
2692
2807
2644
2445
2349
2472
2688
2880
3225
3246
3409
3371
3571
3756
3758
3911
4298
4635
1225
4857
4921
5044
4623
4405
4579
4357
4386
3511
3919
3900
3899
3813
3631
3637
3398
3678
3620
4190
4291
4336
4241
4049
4208
4505
4517
4620
4565
4554
4675
4493
4439
4210
4250
4213
4036
3942
3885
3651
3433
3301
3260
2999
2872
2720
2584
2419
2237
2086
1910
1989
1833
1760
1819
1721
1781
1859
1889
1999
2196
2361
2322
2297
2124
2069
2212
2529
2778
3052
3118
3227
3294
3592
3620
3713
3702
3694
3819
3599
3563
3543
4122
4807
4968
5350
5266
5363
5097
5524
5858
5793
6093
6335
6470
6538
6462
6484
6468
6295
6456
6102
6153
6273
6418
6102
5893
5804
5446
5173
4944
4635
4605
4728
4407
4536
4394
4779
4318
4554
4846
4872
4761
4699
4875
4887
4946
4779
4525
4517
4624
5046
4869
4986
5035
4965
5254
5284
5291
5218
5351
5561
5690
5953
5808
6166
6061
6154
6324
6379
6360
6391
6248
6385
6618
6369
6218
6324
6313
6086
6191
5960
5620
5636
5604
5501
5610
5602
5579
5495
5324
5263
5176
5390
5422
5420
5540
5446
5348
5352
5520
5970
6095
6198
5887
5948
5788
5829
5951
5968
5891
6168
6228
6141
6105
5963
6045
5957
5916
5894
5791
5694
5721
5700
5677
5711
5554
5534
5141
5006
5059
5250
5095
4871
4513
4393
4358
4281
4202
3911
3857
4053
4067
4077
300
3968
3939
3904
286
3753
3605
3532
3348
3415
3214
276
2592
2625
2512
2470
2565
2515
2557
2490
2383
2026
2053
1967
1872
1874
1820
1771
1715
1615
1439
1222
1233
1235
1142
1267
1201
1197
1142
1113
1098
990
929
869
830
912
998
1051
1144
1258
1328
1482
1554
1587
1621
1534
1551
1569
1574
1544
1541
1612
1546
1637
1703
1807
1878
1881
1906
2027
2262
2341
2643
2888
2875
3115
3172
3131
3178
3224
3141
3041
2843
2723
2723
2574
2481
2389
2495
2592
2726
2845
2908
2882
2934
2999
2989
3128
3233
3388
3668
3867
3839
3583
3681
3848
3850
3470
3728
4603
4034
4124
4239
4184
3866
3874
3976
3933
4132
4401
4748
5053
5524
5602
5848
6032
6196
6454
6480
6718
6565
6733
6783
6155
6046
6207
5866
5598
5782
5888
5924
6029
5888
6085
6313
6373
6413
6603
6581
6680
6549
6474
6602
6808
6800
7042
7085
7000
6964
6988
6974
6964
6957
6950
6905
6796
6695
6614
6548
6559
6578
6602
6353
6324
7128
6217
5727
5583
5683
5591
5403
5272
5173
4854
4890
4607
4647
4620
4668
4660
4327
4193
4059
4042
4121
4218
4216
4133
4074
4034
4151
4207
4297
4326
4233
4197
4076
4262
4259
4040
4011
3906
3721
3657
3445
3326
3290
3337
3454
3414
3552
3534
3460
3386
3339
3341
3321
3331
3381
3224
3341
3209
3021
2844
2723
2599
2563
2557
2615
2596
2654
2690
2841
3033
3242
3372
3384
3277
3178
3125
3159
3121
3192
3222
3258
3315
3431
3497
3524
3547
3557
3577
3603
3551
3608
3513
3411
3354
3368
3346
3231
3120
3085
3136
3316
3194
3050
3031
3161
3093
3324
3399
3464
3391
3533
3517
3749
3666
3615
3650
3591
3732
3674
3722
3698
3672
3742
3802
3891
3988
4025
4065
4162
4337
4433
4416
4483
4453
4401
4257
4123
3932
3755
3781
3834
3850
3745
3759
3793
3709
3569
3547
3389
3300
3169
3091
2927
2811
2739
2608
2588
2648
2659
2614
2597
2488
2443
2411
2365
2402
2464
2550
2695
2790
2920
2969
3087
3032
3091
3058
3279
3433
3570
3552
3472
3353
3191
3107
3052
3132
3316
3569
3804
4002
4170
4189
4082
4078
4091
4046
3906
3725
3768
3802
3979
4153
4170
4107
4003
3871
3707
3530
3392
3251
3108
2942
2860
2826
2791
2652
2508
2312
2129
2117
2121
2098
2242
2275
2429
2487
2418
2381
2345
2360
2313
2319
2429
2502
2593
2684
2750
2827
2877
3012
3040
2995
3002
3108
3138
3165
3217
3314
3268
3296
3369
3402
3422
3450
3537
3554
3615
3529
3216
2954
2603
2505
2370
2310
2189
1868
1600
1421
1307
1134
1053
993
906
870
918
943
1041
1178
1264
1339
435
1506
1511
1493
1626
1754
1620
1559
1557
1480
1441
1448
1328
1214
1157
1124
1048
1012
1100
1163
1160
1242
1539
1658
1711
1739
1848
2182
2319
2454
2680
2916
1217
1320
3205
3200
3255
3182
3047
2984
2986
2922
2950
2923
2869
2959
2994
2826
2580
2413
2245
2153
2116
2029
2102
2202
2233
2283
2291
2215
2164
2179
2100
2101
2042
2080
2048
1955
1895
1953
1986
1943
1908
1859
1868
1849
1873
1907
1979
2091
2162
2103
2009
1890
1887
1833
1814
1711
1706
1736
1746
1879
1839
1831
1869
1960
2001
2002
1984
1896
1818
1754
1762
1803
1737
1738
1720
1702
1737
1826
1906
2189
2327
2563
2636
2656
2613
2629
2702
2700
2799
2888
2926
3051
3104
3093
3105
3067
2993
2862
2779
2806
2778
2736
2622
2537
2466
2405
2360
2289
2221
2174
2181
2185
2201
2230
2351
2485
2578
2680
2864
2889
2822
2818
2759
2787
2796
2348
2363
2352
2743
2688
2212
2172
2034
1934
2484
2591
2008
1846
1837
1887
2486
2700
2440
2613
2758
2729
3061
3012
3006
3002
2913
2821
2722
2587
2434
2323
2318
2667
2783
1688
3221
3170
3040
2874
3035
3193
3576
3804
4097
4372
4521
4482
4402
4363
4179
4018
3787
3618
3559
3747
3840
3983
3929
4178
4083
3963
4301
4501
4653
4663
5062
5493
5877
5912
5706
5477
5375
5280
5252
5258
5373
5507
5735
5832
6003
6013
6168
6370
6569
6325
6275
6186
6282
6235
5966
6077
5606
5482
5175
4808
4630
4233
4297
4318
4093
3867
3584
3720
3315
3556
3706
4082
4106
4205
4227
4039
4161
4344
4494
4550
4702
4900
4729
4678
4871
4678
4822
4677
4497
4400
4463
4606
4447
4445
4563
4653
4772
4687
4594
4677
4587
4534
4405
4325
4401
4286
4076
3889
3824
4017
4179
4251
4250
4492
4676
4631
4628
4783
4744
5038
5099
5118
4989
5098
5198
5142
2565
4885
4570
4429
4071
3983
3747
3756
3758
3857
4068
4299
4219
4108
3977
3778
3597
3555
3569
3457
3047
3007
3113
2956
2814
2522
2197
1963
1774
1591
1496
1338
1182
946
835
770
761
790
831
907
1036
1234
1394
1468
1526
1584
1645
1712
1778
1882
1932
1978
2011
2065
2201
2406
2483
2645
2747
2908
2959
2858
2732
2752
2666
2645
2673
2645
2669
2728
2507
2553
2692
2946
2811
2690
2669
2635
2653
2753
2775
2935
3078
3156
2976
2839
2539
2372
2462
3143
3238
3672
3725
3784
4400
4464
4565
4853
4679
4482
4391
4432
4409
4712
5135
5203
5367
5282
5166
4833
4900
4695
4780
4950
4976
5052
5021
4786
4713
4393
4179
3861
3373
3312
2968
2925
3003
3161
3046
3141
3129
3370
3453
3278
3605
3709
3801
3837
3727
3842
3867
3948
3958
4048
4233
4280
4425
4293
4332
4346
4267
4042
4101
3713
3780
3499
3669
3556
3596
3304
3176
2950
2752
3400
3102
2752
3044
3182
3218
3643
3825
3970
4097
4091
3971
1400
1240
1048
3339
3212
661
603
539
468
2905
2891
394
362
331
323
2796
2793
326
358
400
432
2956
3066
3125
3119
3110
3147
3163
1440
1436
1539
1488
1473
1447
1335
1309
1188
1038
1011
935
913
863
851
761
737
698
710
765
787
813
814
880
879
957
1028
1057
1071
1127
1220
1309
1379
1481
1693
1820
1952
2083
2135
2219
2277
2277
2317
2271
2307
2249
2248
2187
2112
2132
2253
2416
2429
2323
2408
2589
2601
2537
2625
2672
2698
2711
2787
2505
2296
2238
2218
2165
2130
2227
2360
2365
2360
2411
2356
2368
2485
2533
2573
2571
2633
2682
2619
2438
2304
2206
2125
2070
1994
1954
1920
1930
1958
2003
2095
2255
2422
2378
2292
2347
2342
2249
2206
2232
2180
2228
2229
2170
2268
2346
2451
2509
2630
2709
2778
2871
3032
3148
3263
3158
3210
3221
3074
3197
3416
3532
3744
3780
3972
3879
4107
3935
3896
4172
4020
4008
4077
4077
3975
3704
3791
3649
3840
3953
3753
3755
3769
3775
3578
3596
3627
3702
3865
3950
4100
4304
4381
4475
4381
4226
4013
4126
4268
3967
3550
3478
3423
3329
3397
3401
3375
3367
3575
3398
3065
2971
2915
2981
3137
3255
3227
3411
3568
3682
3790
3764
3512
3335
3216
3103
2975
2910
3038
3020
3077
3205
3412
3654
3824
3983
4153
4188
4353
4329
4311
4478
4458
4324
3954
3915
3855
4020
3944
4134
4271
4500
4493
4464
4677
4803
4837
4818
4921
4987
4574
4419
4353
4183
4484
4694
4699
4806
4969
4948
4881
5290
5519
5269
5186
5599
5449
5353
5173
5184
5400
5595
5533
5421
5223
5126
4977
4838
4751
4606
4560
4330
3813
3697
3743
3641
3701
3751
3627
3689
3385
3224
3198
3105
2934
2800
2488
2406
2153
1970
1914
1853
1829
1789
1707
1744
1918
1938
2075
2247
2195
2268
2293
2378
2474
2713
3010
2969
2857
2842
2907
2765
2688
2574
2473
2549
2653
2709
2728
2806
2874
2940
2990
3008
3123
3185
3292
3374
3392
3147
2985
2896
2946
2781
2592
2442
2364
2339
2299
2122
2264
2210
2231
2229
2253
2418
2527
2716
2846
2917
3020
3064
3115
3244
3392
3381
3457
3623
3908
4094
4257
4310
4368
4416
4367
4273
4349
4529
4450
4362
4264
4264
4512
4784
4857
4815
4711
4814
5039
5200
5162
5011
4721
4439
4250
4213
4144
4099
3836
3984
4020
4147
4173
4103
4059
4254
4356
4415
4545
4906
5176
5209
5340
5899
5756
5685
5185
5107
5288
5070
5045
4975
4835
5128
5104
5380
5138
5022
4568
4212
3795
3085
3087
2877
2995
2985
3025
3015
3154
3194
3018
2845
2732
2833
2876
3122
3172
3037
2893
2774
2783
2760
2616
2516
2745
2875
2657
2628
2391
2105
