0.0
0.0
0.0
0.0
0.0
0.0
0.0
0.0
1.3
8.5
18.7
23.0
26.7
22.2
13.1
3.5
0.0
0.0
0.0
0.0
0.0
0.0
0.0
0.0
0.0
0.0
0.0
0.0
0.0
0.0
0.0
0.0
2.1
40.6
138.6
204.6
225.5
196.9
133.1
40.0
5.9
0.0
0.0
0.0
0.0
0.0
0.0
0.0
0.0
0.0
0.0
0.0
0.0
0.0
0.0
0.0
0.0
5.1
18.2
36.7
50.7
53.8
45.5
19.7
8.3
0.0
0.0
0.0
0.0
0.0
0.0
0.0
0.0
0.0
0.0
0.0
0.0
0.0
0.0
0.0
2.5
33.7
89.7
130.9
129.8
116.6
61.6
16.2
7.2
0.0
0.0
0.0
0.0
0.0
0.0
0.0
0.0
0.0
0.0
0.0
0.0
0.0
0.0
0.0
2.4
17.7
49.6
72.5
83.4
67.3
38.7
13.0
0.0
0.0
0.0
0.0
0.0
0.0
0.0
0.0
0.0
0.0
0.0
0.0
0.0
0.0
0.0
0.0
3.2
13.1
33.2
70.6
121.0
152.9
117.7
53.6
4.5
0.0
0.0
0.0
0.0
0.0
0.0
0.0
0.0
0.0
0.0
0.0
0.0
0.0
0.0
0.0
6.6
30.6
41.4
51.2
49.0
39.6
23.7
8.3
0.0
0.0
0.0
0.0
0.0
0.0
0.0
0.0
0.0
0.0
0.0
0.0
0.0
0.0
0.0
0.0
0.0
5.6
31.8
104.1
167.2
174.9
141.9
47.2
4.6
0.0
0.0
0.0
0.0
0.0
0.0
0.0
0.0
0.0
0.0
0.0
0.0
0.0
0.0
0.0
5.0
37.0
106.4
148.5
134.2
95.3
31.6
7.6
0.0
0.0
0.0
0.0
0.0
0.0
0.0
0.0
0.0
0.0
0.0
0.0
0.0
0.0
0.0
0.0
2.6
21.5
68.3
106.7
143.0
140.8
104.4
35.6
3.6
0.0
0.0
0.0
0.0
0.0
0.0
0.0
0.0
0.0
0.0
0.0
0.0
0.0
0.0
0.0
5.9
60.1
119.9
144.1
136.4
93.7
47.4
16.3
9.0
0.0
0.0
0.0
0.0
0.0
0.0
0.0
0.0
0.0
0.0
0.0
0.0
0.0
0.0
0.0
6.2
14.2
34.0
50.2
54.5
48.1
30.3
11.6
2.0
0.0
0.0
0.0
0.0
0.0
0.0
0.0
0.0
0.0
0.0
0.0
0.0
0.0
0.0
0.0
2.8
55.2
128.7
126.5
104.0
109.0
88.6
49.6
2.8
0.0
0.0
0.0
0.0
0.0
0.0
0.0
0.0
0.0
0.0
0.0
0.0
0.0
0.0
0.0
4.0
67.9
160.6
235.5
233.2
162.8
85.0
22.3
5.3
0.0
0.0
0.0
0.0
0.0
0.0
0.0
0.0
0.0
0.0
0.0
0.0
0.0
0.0
0.0
2.0
38.0
95.0
144.1
165.0
163.9
132.0
58.9
4.6
0.0
0.0
0.0
0.0
0.0
0.0
0.0
0.0
0.0
0.0
0.0
0.0
0.0
0.0
0.0
3.1
34.0
91.3
127.6
176.0
179.3
125.4
61.8
6.6
0.0
0.0
0.0
0.0
0.0
0.0
0.0
0.0
0.0
0.0
0.0
0.0
0.0
0.0
0.0
9.4
47.2
104.6
162.8
190.3
189.2
124.3
48.3
3.3
0.0
0.0
0.0
0.0
0.0
0.0
0.0
0.0
0.0
0.0
0.0
0.0
0.0
0.0
0.0
3.1
49.8
111.1
156.2
184.8
176.0
128.7
69.0
9.2
0.0
0.0
0.0
0.0
0.0
0.0
0.0
0.0
0.0
0.0
0.0
0.0
0.0
0.0
0.0
6.4
59.4
139.7
199.1
229.9
169.4
111.1
57.7
7.2
0.0
0.0
0.0
0.0
0.0
0.0
0.0
0.0
0.0
0.0
0.0
0.0
0.0
0.0
0.0
7.7
57.9
111.1
149.6
158.4
136.4
101.3
39.4
5.7
0.0
0.0
0.0
0.0
0.0
0.0
0.0
0.0
0.0
0.0
0.0
0.0
0.0
0.0
0.0
3.2
13.9
34.7
57.8
61.4
50.8
38.5
18.9
4.1
0.0
0.0
0.0
0.0
0.0
0.0
0.0
0.0
0.0
0.0
0.0
0.0
0.0
0.0
0.0
5.7
35.1
76.6
118.8
143.0
129.8
94.1
48.1
7.8
0.0
0.0
0.0
0.0
0.0
0.0
0.0
0.0
0.0
0.0
0.0
0.0
0.0
0.0
0.0
12.1
65.5
143.0
203.5
198.0
172.7
106.1
42.1
5.0
0.0
0.0
0.0
0.0
0.0
0.0
0.0
0.0
0.0
0.0
0.0
0.0
0.0
0.0
0.0
15.0
101.9
198.0
252.0
269.6
247.6
191.4
95.6
15.6
0.0
0.0
0.0
0.0
0.0
0.0
0.0
0.0
0.0
0.0
0.0
0.0
0.0
0.0
0.0
6.2
45.9
91.4
123.2
134.2
105.3
74.5
36.9
5.6
0.0
0.0
0.0
0.0
0.0
0.0
0.0
0.0
0.0
0.0
0.0
0.0
0.0
0.0
0.0
4.5
58.9
111.1
138.6
132.0
105.8
73.6
41.8
10.1
0.0
0.0
0.0
0.0
0.0
0.0
0.0
0.0
0.0
0.0
0.0
0.0
0.0
0.0
0.0
5.8
39.3
88.6
124.3
133.1
105.4
67.4
30.5
5.7
0.0
0.0
0.0
0.0
0.0
0.0
0.0
0.0
0.0
0.0
0.0
0.0
0.0
0.0
0.0
2.3
17.7
44.9
89.8
136.4
162.8
155.1
82.4
13.1
0.0
0.0
0.0
0.0
0.0
0.0
0.0
0.0
0.0
0.0
0.0
0.0
0.0
0.0
0.0
15.1
72.4
126.5
152.9
138.6
112.2
80.8
49.1
12.9
0.0
0.0
0.0
0.0
0.0
0.0
0.0
0.0
0.0
0.0
0.0
0.0
0.0
0.0
0.0
11.4
61.9
145.2
199.1
227.7
193.6
151.8
92.3
21.1
0.0
0.0
0.0
0.0
0.0
0.0
0.0
0.0
0.0
0.0
0.0
0.0
0.0
0.0
0.0
6.6
34.7
76.0
115.5
125.4
112.2
91.0
56.9
16.9
0.0
0.0
0.0
0.0
0.0
0.0
0.0
0.0
0.0
0.0
0.0
0.0
0.0
0.0
0.0
8.8
57.5
138.6
182.6
184.8
182.6
152.9
100.3
24.3
0.0
0.0
0.0
0.0
0.0
0.0
0.0
0.0
0.0
0.0
0.0
0.0
0.0
0.0
0.0
26.3
84.5
124.3
148.5
168.3
161.7
125.4
76.1
18.9
0.0
0.0
0.0
0.0
0.0
0.0
0.0
0.0
0.0
0.0
0.0
0.0
0.0
0.0
0.0
10.2
58.2
133.1
204.6
225.5
227.7
178.2
112.2
35.0
0.0
0.0
0.0
0.0
0.0
0.0
0.0
0.0
0.0
0.0
0.0
0.0
0.0
0.0
0.0
19.4
92.6
170.5
238.8
257.5
245.4
170.5
108.6
33.6
0.0
0.0
0.0
0.0
0.0
0.0
0.0
0.0
0.0
0.0
0.0
0.0
0.0
0.0
0.0
8.6
42.0
78.4
114.4
125.4
115.5
93.4
56.7
17.8
0.0
0.0
0.0
0.0
0.0
0.0
0.0
0.0
0.0
0.0
0.0
0.0
0.0
0.0
0.0
23.5
108.5
215.6
283.9
312.5
292.7
254.2
166.1
55.6
10.8
0.0
0.0
0.0
0.0
0.0
0.0
0.0
0.0
0.0
0.0
0.0
0.0
0.0
0.0
19.9
64.9
108.3
144.1
135.3
125.4
95.9
60.3
20.7
4.0
0.0
0.0
0.0
0.0
0.0
0.0
0.0
0.0
0.0
0.0
0.0
0.0
0.0
0.0
33.2
125.4
235.5
302.6
329.0
314.7
263.0
166.1
58.5
8.5
0.0
0.0
0.0
0.0
0.0
0.0
0.0
0.0
0.0
0.0
0.0
0.0
0.0
0.0
24.8
100.7
184.8
245.4
301.5
311.4
258.6
168.3
63.2
9.1
0.0
0.0
0.0
0.0
0.0
0.0
0.0
0.0
0.0
0.0
0.0
0.0
0.0
0.0
11.2
35.6
67.1
91.0
99.6
100.8
85.0
53.8
16.9
0.0
0.0
0.0
0.0
0.0
0.0
0.0
0.0
0.0
0.0
0.0
0.0
0.0
0.0
0.0
2.9
14.2
24.5
35.6
41.3
39.2
31.5
19.4
7.0
0.0
0.0
0.0
0.0
0.0
0.0
0.0
0.0
0.0
0.0
0.0
0.0
0.0
0.0
0.0
7.4
32.1
61.4
85.5
98.5
82.6
75.6
44.8
14.9
6.4
0.0
0.0
0.0
0.0
0.0
0.0
0.0
0.0
0.0
0.0
0.0
0.0
0.0
0.0
11.7
30.6
54.4
70.7
82.4
88.8
64.3
38.5
18.9
11.9
0.0
0.0
0.0
0.0
0.0
0.0
0.0
0.0
0.0
0.0
0.0
0.0
0.0
0.0
16.5
51.1
84.4
104.2
123.2
116.6
95.6
60.4
23.8
8.4
0.0
0.0
0.0
0.0
0.0
0.0
0.0
0.0
0.0
0.0
0.0
0.0
0.0
5.0
23.3
69.4
121.0
140.8
150.7
162.8
132.0
83.6
30.9
9.4
0.0
0.0
0.0
0.0
0.0
0.0
0.0
0.0
0.0
0.0
0.0
0.0
0.0
4.4
12.3
33.8
61.1
90.3
101.4
95.7
76.5
62.7
38.2
9.9
0.0
0.0
0.0
0.0
0.0
0.0
0.0
0.0
0.0
0.0
0.0
0.0
0.0
9.7
78.6
195.8
305.9
362.0
380.7
342.2
269.6
180.4
84.7
5.5
0.0
0.0
0.0
0.0
0.0
0.0
0.0
0.0
0.0
0.0
0.0
0.0
0.0
5.9
62.8
147.4
244.3
289.4
290.5
265.2
207.9
141.9
58.9
4.2
0.0
0.0
0.0
0.0
0.0
0.0
0.0
0.0
0.0
0.0
0.0
0.0
0.0
6.5
35.6
63.4
71.8
84.9
85.2
66.7
66.0
56.3
25.0
3.1
0.0
0.0
0.0
0.0
0.0
0.0
0.0
0.0
0.0
0.0
0.0
0.0
0.0
6.4
44.8
105.5
130.9
148.5
163.9
145.2
116.6
92.5
51.6
8.3
0.0
0.0
0.0
0.0
0.0
0.0
0.0
0.0
0.0
0.0
0.0
0.0
0.0
5.2
60.4
168.3
255.3
296.0
289.4
270.7
241.0
163.9
85.7
10.5
0.0
0.0
0.0
0.0
0.0
0.0
0.0
0.0
0.0
0.0
0.0
0.0
0.0
10.2
69.2
108.5
115.5
123.2
82.3
50.8
33.8
21.3
10.3
2.8
0.0
0.0
0.0
0.0
0.0
0.0
0.0
0.0
0.0
0.0
0.0
0.0
0.0
7.0
69.5
170.5
252.0
281.7
289.4
260.8
225.5
163.9
86.5
9.0
0.0
0.0
0.0
0.0
0.0
0.0
0.0
0.0
0.0
0.0
0.0
0.0
0.0
8.9
69.6
171.6
253.1
307.0
297.1
277.3
241.0
168.3
86.7
10.1
0.0
0.0
0.0
0.0
0.0
0.0
0.0
0.0
0.0
0.0
0.0
0.0
0.0
5.3
38.0
106.6
169.4
209.0
214.5
202.4
159.5
96.1
36.3
5.9
0.0
0.0
0.0
0.0
0.0
0.0
0.0
0.0
0.0
0.0
0.0
0.0
0.0
3.7
16.8
32.5
58.8
106.7
123.2
141.9
169.4
156.2
93.1
18.6
0.0
0.0
0.0
0.0
0.0
0.0
0.0
0.0
0.0
0.0
0.0
0.0
0.0
17.1
114.4
236.6
330.1
384.0
381.8
325.7
257.5
171.6
77.0
14.0
0.0
0.0
0.0
0.0
0.0
0.0
0.0
0.0
0.0
0.0
0.0
0.0
0.0
4.4
21.0
55.3
98.0
119.9
108.3
98.3
71.7
44.9
19.8
4.3
0.0
0.0
0.0
0.0
0.0
0.0
0.0
0.0
0.0
0.0
0.0
0.0
0.0
15.1
96.1
205.7
291.6
313.6
318.0
260.8
185.9
116.6
64.6
13.8
0.0
0.0
0.0
0.0
0.0
0.0
0.0
0.0
0.0
0.0
0.0
0.0
0.0
16.2
74.3
179.3
272.9
332.3
366.4
362.0
308.1
249.8
136.4
26.6
0.0
0.0
0.0
0.0
0.0
0.0
0.0
0.0
0.0
0.0
0.0
0.0
0.0
11.4
83.9
200.2
310.3
346.6
377.4
374.1
320.2
235.5
137.5
36.9
0.0
0.0
0.0
0.0
0.0
0.0
0.0
0.0
0.0
0.0
0.0
0.0
0.0
27.2
128.7
245.4
352.1
401.6
406.0
389.5
333.4
248.7
141.9
35.2
0.0
0.0
0.0
0.0
0.0
0.0
0.0
0.0
0.0
0.0
0.0
0.0
0.0
27.5
95.9
183.7
238.8
264.1
246.5
221.1
172.7
113.3
54.6
16.7
0.0
0.0
0.0
0.0
0.0
0.0
0.0
0.0
0.0
0.0
0.0
0.0
0.0
14.3
61.5
157.3
270.7
366.4
399.4
397.2
347.7
254.2
151.8
32.7
0.0
0.0
0.0
0.0
0.0
0.0
0.0
0.0
0.0
0.0
0.0
0.0
0.0
14.1
72.0
152.9
247.6
331.2
373.0
395.0
347.7
260.8
149.6
40.2
0.0
0.0
0.0
0.0
0.0
0.0
0.0
0.0
0.0
0.0
0.0
0.0
0.0
21.5
85.4
140.8
176.0
184.8
173.8
157.3
170.5
150.7
111.1
41.4
0.0
0.0
0.0
0.0
0.0
0.0
0.0
0.0
0.0
0.0
0.0
0.0
0.0
32.7
80.8
111.1
109.8
86.9
71.7
63.9
59.0
52.3
28.5
10.7
0.0
0.0
0.0
0.0
0.0
0.0
0.0
0.0
0.0
0.0
0.0
0.0
0.0
38.2
157.3
276.2
375.2
439.0
440.1
424.7
360.9
283.9
174.9
46.8
0.0
0.0
0.0
0.0
0.0
0.0
0.0
0.0
0.0
0.0
0.0
0.0
18.4
40.0
139.7
244.3
298.2
301.5
258.6
184.8
129.8
84.9
44.7
15.7
0.0
0.0
0.0
0.0
0.0
0.0
0.0
0.0
0.0
0.0
0.0
0.0
3.2
30.1
93.5
159.5
229.9
292.7
307.0
271.8
200.2
115.5
51.9
14.5
0.0
0.0
0.0
0.0
0.0
0.0
0.0
0.0
0.0
0.0
0.0
0.0
1.3
17.7
51.7
100.0
156.2
191.4
217.8
215.6
202.4
152.9
91.0
32.5
0.0
0.0
0.0
0.0
0.0
0.0
0.0
0.0
0.0
0.0
0.0
0.0
21.1
25.2
85.5
143.0
177.1
170.5
174.9
170.5
162.8
129.8
84.2
30.0
0.0
0.0
0.0
0.0
0.0
0.0
0.0
0.0
0.0
0.0
0.0
0.0
0.0
12.2
39.5
74.6
102.4
124.3
123.2
118.8
90.8
66.3
36.2
12.9
3.9
0.0
0.0
0.0
0.0
0.0
0.0
0.0
0.0
0.0
0.0
0.0
0.0
11.1
40.9
72.1
96.3
115.5
125.4
123.2
104.3
78.6
44.7
18.6
0.0
0.0
0.0
0.0
0.0
0.0
0.0
0.0
0.0
0.0
0.0
0.0
0.0
19.1
68.3
128.7
195.8
235.5
282.8
281.7
255.3
198.0
115.5
45.1
9.5
0.0
0.0
0.0
0.0
0.0
0.0
0.0
0.0
0.0
0.0
0.0
3.1
39.9
116.6
226.6
313.6
371.9
390.6
352.1
301.5
224.4
128.7
44.9
7.8
0.0
0.0
0.0
0.0
0.0
0.0
0.0
0.0
0.0
0.0
0.0
9.2
24.1
66.6
122.1
178.2
234.4
250.9
232.1
202.4
156.2
91.6
33.4
5.5
0.0
0.0
0.0
0.0
0.0
0.0
0.0
0.0
0.0
0.0
0.0
3.6
30.4
88.1
46.0
181.5
332.3
401.6
417.0
363.1
272.9
161.7
50.1
9.6
0.0
0.0
0.0
0.0
0.0
0.0
0.0
0.0
0.0
0.0
0.0
5.8
52.8
119.9
182.6
211.2
256.4
283.9
279.5
256.4
207.9
128.7
54.2
12.3
0.0
0.0
0.0
0.0
0.0
0.0
0.0
0.0
0.0
0.0
0.0
5.9
42.9
118.8
223.3
302.6
360.9
404.9
425.8
390.6
310.3
192.5
73.6
7.8
0.0
0.0
0.0
0.0
0.0
0.0
0.0
0.0
0.0
0.0
0.0
7.6
53.9
127.6
215.6
274.0
308.1
302.6
272.9
217.8
149.6
97.6
41.4
10.9
0.0
0.0
0.0
0.0
0.0
0.0
0.0
0.0
0.0
0.0
0.0
6.9
67.1
174.9
274.0
308.1
310.3
319.1
292.7
297.1
220.0
151.8
68.2
8.7
0.0
0.0
0.0
0.0
0.0
0.0
0.0
0.0
0.0
0.0
0.0
9.9
85.6
212.3
334.5
395.0
407.1
389.5
362.0
319.1
264.1
183.7
71.6
6.9
0.0
0.0
0.0
0.0
0.0
0.0
0.0
0.0
0.0
0.0
0.0
12.4
19.3
62.8
132.0
222.2
263.0
355.4
370.8
369.7
319.1
232.1
111.1
13.1
0.0
0.0
0.0
0.0
0.0
0.0
0.0
0.0
0.0
0.0
0.0
15.2
89.9
195.8
311.4
399.4
409.3
362.0
346.6
305.9
252.0
179.3
76.2
9.6
0.0
0.0
0.0
0.0
0.0
0.0
0.0
0.0
0.0
0.0
0.0
7.2
24.9
53.8
90.3
135.3
165.0
203.5
183.7
177.1
146.3
107.4
37.4
10.2
0.0
0.0
0.0
0.0
0.0
0.0
0.0
0.0
0.0
0.0
0.0
5.2
20.4
50.3
86.9
101.4
119.9
154.0
188.1
217.8
203.5
137.5
56.2
8.0
0.0
0.0
0.0
0.0
0.0
0.0
0.0
0.0
0.0
0.0
0.0
21.3
112.2
227.7
321.3
363.1
359.8
356.5
270.7
178.2
93.7
42.8
15.4
6.6
0.0
0.0
0.0
0.0
0.0
0.0
0.0
0.0
0.0
0.0
0.0
20.0
94.1
203.5
342.2
428.0
464.3
468.7
437.9
403.8
305.9
212.3
102.4
14.3
0.0
0.0
0.0
0.0
0.0
0.0
0.0
0.0
0.0
0.0
0.0
29.7
119.9
245.4
351.0
371.9
353.2
331.2
309.2
258.6
159.5
85.6
46.3
7.4
0.0
0.0
0.0
0.0
0.0
0.0
0.0
0.0
0.0
0.0
0.0
23.2
95.7
193.6
293.8
386.2
459.9
473.1
451.1
360.9
260.8
152.9
64.1
9.8
0.0
0.0
0.0
0.0
0.0
0.0
0.0
0.0
0.0
0.0
0.0
7.0
33.7
75.7
128.7
168.3
193.6
179.3
134.2
114.4
94.6
66.5
36.6
9.9
0.0
0.0
0.0
0.0
0.0
0.0
0.0
0.0
0.0
0.0
0.0
12.9
49.8
98.6
162.8
191.4
221.1
268.5
283.9
270.7
218.9
147.4
80.0
20.1
0.0
0.0
0.0
0.0
0.0
0.0
0.0
0.0
0.0
0.0
0.0
22.1
81.1
200.2
311.4
395.0
400.5
412.6
391.7
335.6
274.0
206.8
115.5
26.8
0.0
0.0
0.0
0.0
0.0
0.0
0.0
0.0
0.0
0.0
0.0
43.9
160.6
302.6
455.5
557.8
613.9
632.6
584.2
521.5
418.1
298.2
154.0
38.3
0.0
0.0
0.0
0.0
0.0
0.0
0.0
0.0
0.0
0.0
0.0
44.7
158.4
291.6
448.9
564.4
666.7
684.3
639.2
554.5
444.5
304.8
149.6
34.5
0.0
0.0
0.0
0.0
0.0
0.0
0.0
0.0
0.0
0.0
80.3
45.5
163.9
312.5
457.7
564.4
621.6
623.8
555.6
485.2
376.3
241.0
121.0
27.9
0.0
0.0
0.0
0.0
0.0
0.0
0.0
0.0
0.0
0.0
6.2
44.0
150.7
290.5
458.8
582.0
683.2
678.8
646.9
565.5
445.6
304.8
151.8
36.9
0.0
0.0
0.0
0.0
0.0
0.0
0.0
0.0
0.0
0.0
15.4
50.9
156.2
291.6
414.8
509.4
556.7
555.6
536.9
466.5
346.6
234.4
124.3
29.7
0.0
0.0
0.0
0.0
0.0
0.0
0.0
0.0
0.0
0.0
0.0
21.2
75.7
176.0
347.7
521.5
629.3
688.7
659.0
593.0
473.1
322.4
168.3
44.4
0.0
0.0
0.0
0.0
0.0
0.0
0.0
0.0
0.0
0.0
32.0
52.0
155.1
282.8
413.7
514.9
553.4
538.0
470.9
393.9
276.2
177.1
100.6
28.7
0.0
0.0
0.0
0.0
0.0
0.0
0.0
0.0
0.0
0.0
7.5
47.6
133.1
254.2
369.7
421.4
399.4
406.0
395.0
374.1
320.2
234.4
130.9
35.5
0.0
0.0
0.0
0.0
0.0
0.0
0.0
0.0
0.0
0.0
17.1
53.1
157.3
280.6
436.8
543.5
645.8
675.5
661.2
593.0
468.7
335.6
187.0
57.5
0.0
0.0
0.0
0.0
0.0
0.0
0.0
0.0
0.0
0.0
12.0
68.3
176.0
313.6
442.3
543.5
620.5
639.2
604.0
538.0
425.8
290.5
146.3
37.2
2.8
0.0
0.0
0.0
0.0
0.0
0.0
0.0
0.0
0.0
7.7
53.6
146.3
279.5
415.9
519.3
564.4
562.2
542.4
463.2
356.5
226.6
124.3
36.2
5.2
0.0
0.0
0.0
0.0
0.0
0.0
0.0
0.0
0.0
6.8
61.0
169.4
282.8
411.5
500.6
534.7
523.7
516.0
436.8
336.7
221.1
130.9
40.9
25.9
0.0
0.0
0.0
0.0
0.0
0.0
0.0
0.0
0.0
8.8
79.9
213.4
375.2
531.4
673.3
722.9
748.2
732.8
657.9
525.9
371.9
209.0
68.5
17.8
0.0
0.0
0.0
0.0
0.0
0.0
0.0
0.0
0.0
7.9
58.3
145.2
256.4
343.3
374.1
414.8
446.7
453.3
409.3
330.1
231.0
146.3
45.7
5.7
0.0
0.0
0.0
0.0
0.0
0.0
0.0
0.0
0.0
11.4
87.7
193.6
346.6
483.0
610.6
705.3
735.0
706.4
633.7
498.4
347.7
187.0
61.6
8.0
0.0
0.0
0.0
0.0
0.0
0.0
0.0
0.0
0.0
14.5
105.5
239.9
403.8
564.4
678.8
752.6
774.6
743.8
649.1
518.2
365.3
204.6
71.4
9.2
0.0
0.0
0.0
0.0
0.0
0.0
0.0
0.0
0.0
15.0
105.6
237.7
399.4
539.1
638.1
666.7
660.1
609.5
518.2
417.0
291.6
172.7
66.2
5.6
0.0
0.0
0.0
0.0
0.0
0.0
0.0
0.0
0.0
9.4
53.9
130.9
231.0
393.9
600.7
724.0
759.2
731.7
645.8
514.9
364.2
198.0
65.0
6.3
0.0
0.0
0.0
0.0
0.0
0.0
0.0
0.0
0.0
14.0
84.2
172.7
286.1
380.7
466.5
489.6
488.5
437.9
352.1
252.0
161.7
82.0
25.6
2.3
0.0
0.0
0.0
0.0
0.0
0.0
0.0
0.0
0.0
7.3
34.5
93.5
174.9
247.6
352.1
433.5
490.7
495.1
402.7
293.8
168.3
73.8
23.1
9.9
0.0
0.0
0.0
0.0
0.0
0.0
0.0
0.0
0.0
10.1
60.2
130.9
226.6
299.3
368.6
415.9
445.6
444.5
390.6
331.2
265.2
174.9
80.2
8.6
0.0
0.0
0.0
0.0
0.0
0.0
0.0
0.0
0.0
26.0
124.3
263.0
434.6
579.8
638.1
656.8
571.0
466.5
363.1
280.6
215.6
119.9
48.4
8.6
0.0
0.0
0.0
0.0
0.0
0.0
0.0
0.0
0.0
26.7
118.8
250.9
404.9
516.0
589.7
604.0
600.7
595.2
529.2
442.3
303.7
171.6
64.1
8.4
0.0
0.0
0.0
0.0
0.0
0.0
0.0
0.0
0.0
11.1
49.6
132.0
250.9
310.3
397.2
428.0
480.8
512.7
473.1
442.3
329.0
196.9
84.4
8.8
0.0
0.0
0.0
0.0
0.0
0.0
0.0
0.0
0.0
26.2
110.0
234.4
345.5
412.6
478.6
517.1
524.8
506.1
440.1
369.7
281.7
180.4
82.6
10.1
0.0
0.0
0.0
0.0
0.0
0.0
0.0
0.0
0.0
25.9
97.3
204.6
318.0
415.9
461.0
513.8
507.2
465.4
369.7
275.1
200.2
113.3
47.0
8.0
0.0
0.0
0.0
0.0
0.0
0.0
0.0
0.0
0.0
21.0
63.6
125.4
183.7
246.5
290.5
343.3
345.5
312.5
246.5
181.5
113.3
62.8
25.5
6.3
0.0
0.0
0.0
0.0
0.0
0.0
0.0
0.0
0.0
5.6
19.7
45.1
92.4
158.4
225.5
298.2
397.2
440.1
409.3
319.1
216.7
127.6
46.2
6.1
0.0
0.0
0.0
0.0
0.0
0.0
0.0
0.0
0.0
30.6
124.3
237.7
338.9
479.7
586.4
635.9
611.7
533.6
357.6
250.9
143.0
83.5
29.3
14.1
0.0
0.0
0.0
0.0
0.0
0.0
0.0
0.0
0.0
9.4
38.8
86.5
158.4
261.9
375.2
475.3
501.7
486.3
439.0
357.6
254.2
139.7
56.3
9.4
0.0
0.0
0.0
0.0
0.0
0.0
0.0
0.0
14.4
26.3
96.4
190.3
237.7
288.3
346.6
354.3
340.0
330.1
313.6
265.2
209.0
117.7
51.1
9.6
0.0
0.0
0.0
0.0
0.0
0.0
0.0
0.0
7.0
33.9
116.6
215.6
305.9
376.3
440.1
486.3
545.7
544.6
501.7
400.5
281.7
167.2
72.7
14.1
0.0
0.0
0.0
0.0
0.0
0.0
0.0
0.0
9.8
27.0
88.6
173.8
275.1
364.2
404.9
421.4
373.0
263.0
203.5
130.9
74.9
51.6
22.7
4.0
0.0
0.0
0.0
0.0
0.0
0.0
0.0
0.0
0.0
24.0
68.3
136.4
217.8
275.1
347.7
385.1
450.0
479.7
417.0
362.0
291.6
185.9
89.0
14.9
0.0
0.0
0.0
0.0
0.0
0.0
0.0
0.0
10.2
24.6
70.7
150.7
235.5
314.7
398.3
422.5
434.6
434.6
400.5
326.8
243.2
141.9
60.3
13.0
0.0
0.0
0.0
0.0
0.0
0.0
0.0
0.0
32.5
23.9
77.2
150.7
258.6
400.5
524.8
580.9
588.6
624.9
561.1
461.0
340.0
201.3
86.3
19.7
0.0
0.0
0.0
0.0
0.0
0.0
0.0
0.0
14.3
20.7
63.8
132.0
248.7
425.8
531.4
564.4
585.3
567.7
514.9
472.0
378.5
239.9
117.7
25.1
24.4
0.0
0.0
0.0
0.0
0.0
0.0
0.0
7.8
51.9
150.7
260.8
403.8
510.5
563.3
612.8
654.6
608.4
533.6
446.7
337.8
225.5
105.2
23.7
33.0
0.0
0.0
0.0
0.0
0.0
0.0
0.0
8.4
30.6
70.4
118.8
145.2
154.0
173.8
195.8
211.2
211.2
203.5
157.3
118.8
76.4
37.7
10.8
2.6
0.0
0.0
0.0
0.0
0.0
0.0
0.0
7.3
32.8
115.5
246.5
364.2
428.0
453.3
486.3
516.0
503.9
472.0
357.6
232.1
128.7
51.9
10.9
54.6
0.0
0.0
0.0
0.0
0.0
0.0
0.0
6.5
27.6
94.8
202.4
320.2
463.2
565.5
659.0
686.5
668.9
609.5
516.0
381.8
238.8
112.2
28.2
15.7
0.0
0.0
0.0
0.0
0.0
0.0
0.0
6.5
48.6
134.2
237.7
364.2
428.0
485.2
500.6
483.0
450.0
387.3
340.0
238.8
133.1
57.3
15.3
0.0
0.0
0.0
0.0
0.0
0.0
0.0
0.0
1.9
11.6
30.9
58.4
87.2
129.8
193.6
298.2
428.0
486.3
521.5
433.5
336.7
215.6
108.2
27.3
67.2
0.0
0.0
0.0
0.0
0.0
0.0
0.0
6.9
49.7
136.4
223.3
312.5
379.6
475.3
545.7
523.7
490.7
426.9
359.8
263.0
182.6
109.1
27.5
0.6
0.0
0.0
0.0
0.0
0.0
0.0
0.0
7.2
52.3
138.6
254.2
358.7
374.1
403.8
464.3
520.4
520.4
454.4
431.3
337.8
216.7
111.1
26.8
2.8
0.0
0.0
0.0
0.0
0.0
0.0
0.0
7.2
55.6
139.7
250.9
389.5
512.7
568.8
589.7
631.5
629.3
572.1
461.0
353.2
222.2
106.2
29.8
13.1
0.0
0.0
0.0
0.0
0.0
0.0
0.0
4.6
32.9
88.0
163.9
237.7
322.4
366.4
396.1
397.2
377.4
353.2
304.8
232.1
136.4
66.7
18.7
2.4
0.0
0.0
0.0
0.0
0.0
0.0
0.0
5.7
40.9
106.6
199.1
308.1
398.3
468.7
489.6
488.5
475.3
451.1
379.6
285.0
184.8
94.4
29.5
11.9
0.0
0.0
0.0
0.0
0.0
0.0
0.0
5.9
40.5
104.1
178.2
271.8
337.8
373.0
364.2
363.1
313.6
278.4
254.2
241.0
178.2
102.2
28.6
17.1
0.0
0.0
0.0
0.0
0.0
0.0
0.0
6.6
39.7
107.7
194.7
301.5
358.7
393.9
379.6
331.2
301.5
267.4
229.9
189.2
141.9
80.4
27.3
6.2
0.0
0.0
0.0
0.0
0.0
0.0
0.0
7.6
43.0
113.3
204.6
293.8
390.6
477.5
525.9
522.6
501.7
492.9
431.3
330.1
221.1
127.6
43.1
6.8
0.0
0.0
0.0
0.0
0.0
0.0
0.0
9.4
59.9
144.1
252.0
370.8
464.3
550.1
620.5
643.6
552.3
411.5
287.2
173.8
106.3
59.0
18.5
3.5
0.0
0.0
0.0
0.0
0.0
0.0
0.0
8.9
61.3
147.4
254.2
369.7
456.6
513.8
565.5
587.5
572.1
545.7
469.8
352.1
228.8
123.2
39.9
7.3
0.0
0.0
0.0
0.0
0.0
0.0
0.0
4.8
30.8
73.4
111.1
148.5
185.9
213.4
282.8
353.2
422.5
464.3
430.2
353.2
242.1
129.8
44.3
4.4
0.0
0.0
0.0
0.0
0.0
0.0
0.0
11.3
68.3
166.1
281.7
389.5
469.8
554.5
608.4
620.5
622.7
544.6
418.1
275.1
150.7
71.1
21.8
1.3
0.0
0.0
0.0
0.0
0.0
0.0
0.0
8.4
12.3
29.4
57.3
95.7
139.7
199.1
268.5
307.0
368.6
381.8
351.0
297.1
238.8
135.3
44.9
10.8
0.0
0.0
0.0
0.0
0.0
0.0
0.0
13.0
64.3
140.8
254.2
373.0
428.0
410.4
464.3
442.3
321.3
209.0
149.6
119.9
80.8
31.7
9.5
7.5
0.0
0.0
0.0
0.0
0.0
0.0
0.0
7.8
22.6
51.6
95.0
134.2
193.6
244.3
299.3
365.3
401.6
467.6
402.7
315.8
203.5
102.3
34.8
6.1
0.0
0.0
0.0
0.0
0.0
0.0
0.0
10.7
61.7
150.7
272.9
377.4
454.4
522.6
561.1
591.9
583.1
566.6
483.0
374.1
250.9
132.0
51.2
8.4
0.0
0.0
0.0
0.0
0.0
0.0
0.0
13.5
69.2
162.8
269.6
412.6
545.7
649.1
699.7
744.9
724.0
648.0
535.8
399.4
241.0
124.3
43.3
12.8
0.0
0.0
0.0
0.0
0.0
0.0
0.0
9.0
34.9
75.0
157.3
282.8
374.1
451.1
509.4
542.4
512.7
467.6
442.3
333.4
241.0
136.4
47.8
10.6
0.0
0.0
0.0
0.0
0.0
0.0
0.0
14.9
73.4
169.4
277.3
397.2
508.3
546.8
605.1
635.9
615.0
572.1
484.1
373.0
246.5
146.3
58.4
6.1
0.0
0.0
0.0
0.0
0.0
0.0
0.0
15.0
74.8
169.4
286.1
426.9
564.4
635.9
684.3
718.5
678.8
638.1
540.2
414.8
274.0
148.5
56.2
10.1
0.0
0.0
0.0
0.0
0.0
0.0
0.0
14.3
74.9
174.9
296.0
434.6
536.9
527.0
521.5
492.9
465.4
413.7
356.5
271.8
184.8
111.1
43.6
13.1
0.0
0.0
0.0
0.0
0.0
0.0
0.0
13.8
69.6
162.8
277.3
381.8
445.6
447.8
441.2
448.9
439.0
421.4
390.6
325.7
224.4
126.5
47.8
7.6
0.0
0.0
0.0
0.0
0.0
0.0
0.0
11.0
57.3
137.5
227.7
352.1
465.4
551.2
608.4
640.3
648.0
629.3
554.5
429.1
281.7
155.1
58.4
6.9
0.0
0.0
0.0
0.0
0.0
0.0
0.0
14.7
63.4
154.0
271.8
409.3
541.3
666.7
724.0
754.8
701.9
627.1
510.5
384.0
245.4
129.8
46.6
6.4
0.0
0.0
0.0
0.0
0.0
0.0
0.0
17.2
56.9
122.1
204.6
298.2
406.0
473.1
488.5
454.4
414.8
313.6
245.4
172.7
99.2
51.8
20.4
8.0
0.0
0.0
0.0
0.0
0.0
0.0
0.0
4.3
13.2
34.0
68.8
105.6
154.0
206.8
236.6
265.2
283.9
278.4
235.5
166.1
101.1
51.8
19.0
7.5
0.0
0.0
0.0
0.0
0.0
0.0
0.0
6.1
28.6
67.3
119.9
180.4
227.7
293.8
349.9
354.3
331.2
299.3
260.8
203.5
144.1
80.1
34.4
4.6
0.0
0.0
0.0
0.0
0.0
0.0
0.0
11.6
51.3
123.2
216.7
337.8
452.2
541.3
618.3
577.6
522.6
457.7
396.1
316.9
210.1
119.9
48.0
5.8
0.0
0.0
0.0
0.0
0.0
0.0
0.0
9.4
42.1
103.9
196.9
310.3
457.7
560.0
599.6
569.9
557.8
492.9
411.5
322.4
205.7
110.0
42.1
10.9
0.0
0.0
0.0
0.0
0.0
0.0
0.0
11.3
44.0
95.1
146.3
210.1
280.6
325.7
375.2
435.7
425.8
374.1
309.2
212.3
152.9
80.4
33.7
6.9
0.0
0.0
0.0
0.0
0.0
0.0
0.0
11.0
56.3
132.0
220.0
348.8
468.7
552.3
628.2
637.0
611.7
542.4
443.4
343.3
212.3
124.3
50.9
7.3
0.0
0.0
0.0
0.0
0.0
0.0
0.0
14.6
60.8
126.5
215.6
298.2
352.1
406.0
459.9
506.1
495.1
468.7
407.1
318.0
203.5
111.1
40.4
7.0
0.0
0.0
0.0
0.0
0.0
0.0
0.0
9.6
33.2
82.7
130.9
189.2
243.2
256.4
263.0
257.5
267.4
265.2
268.5
227.7
156.2
97.6
41.7
6.4
0.0
0.0
0.0
0.0
0.0
0.0
0.0
11.0
40.0
97.0
176.0
270.7
392.8
456.6
489.6
509.4
489.6
455.5
392.8
307.0
202.4
111.1
35.4
6.1
0.0
0.0
0.0
0.0
0.0
0.0
0.0
9.1
35.6
84.2
135.3
205.7
282.8
338.9
370.8
428.0
462.1
466.5
387.3
292.7
195.8
106.7
44.7
7.4
0.0
0.0
0.0
0.0
0.0
0.0
0.0
8.6
44.7
109.8
195.8
299.3
365.3
387.3
423.6
448.9
477.5
466.5
414.8
340.0
235.5
135.3
54.5
9.7
0.0
0.0
0.0
0.0
0.0
0.0
0.0
12.2
51.1
119.9
241.0
384.0
508.3
602.9
634.8
626.0
565.5
491.8
389.5
241.0
163.9
103.5
47.5
7.0
0.0
0.0
0.0
0.0
0.0
0.0
0.0
13.9
66.3
141.9
222.2
324.6
397.2
487.4
538.0
538.0
527.0
490.7
417.0
318.0
222.2
115.5
37.4
4.6
0.0
0.0
0.0
0.0
0.0
0.0
0.0
9.6
39.8
78.1
138.6
217.8
294.9
367.5
412.6
444.5
393.9
337.8
292.7
228.8
180.4
109.0
45.8
7.5
0.0
0.0
0.0
0.0
0.0
0.0
0.0
12.4
65.7
158.4
275.1
409.3
507.2
571.0
599.6
578.7
573.2
529.2
442.3
331.2
213.4
125.4
44.8
6.5
0.0
0.0
0.0
0.0
0.0
0.0
0.0
5.1
27.0
69.1
119.9
181.5
222.2
241.0
247.6
297.1
369.7
421.4
384.0
278.4
207.9
137.5
52.9
7.2
0.0
0.0
0.0
0.0
0.0
0.0
0.0
10.8
67.6
150.7
245.4
341.1
429.1
532.5
610.6
646.9
653.5
609.5
513.8
381.8
252.0
130.9
48.4
5.9
0.0
0.0
0.0
0.0
0.0
0.0
0.0
11.4
62.6
152.9
265.2
404.9
558.9
663.4
703.1
748.2
699.7
641.4
555.6
419.2
270.7
138.6
57.3
10.0
0.0
0.0
0.0
0.0
0.0
0.0
0.0
9.8
56.7
137.5
252.0
359.8
475.3
503.9
489.6
513.8
484.1
463.2
384.0
286.1
189.2
111.1
40.6
6.8
0.0
0.0
0.0
0.0
0.0
0.0
0.0
13.6
50.6
122.1
182.6
220.0
244.3
217.8
279.5
294.9
336.7
354.3
312.5
244.3
180.4
118.8
51.2
7.5
0.0
0.0
0.0
0.0
0.0
0.0
0.0
12.2
66.8
160.6
281.7
423.6
565.5
670.0
730.6
715.2
627.1
539.1
455.5
320.2
210.1
107.8
38.5
4.2
0.0
0.0
0.0
0.0
0.0
0.0
0.0
6.6
31.4
89.7
165.0
248.7
355.4
487.4
583.1
648.0
676.6
613.9
517.1
411.5
271.8
160.6
60.6
10.5
0.0
0.0
0.0
0.0
0.0
0.0
0.0
11.6
62.4
110.0
133.1
162.8
225.5
285.0
380.7
454.4
496.2
469.8
387.3
338.9
241.0
129.8
55.6
6.6
0.0
0.0
0.0
0.0
0.0
0.0
0.0
13.1
59.0
151.8
248.7
345.5
403.8
399.4
413.7
395.0
391.7
349.9
327.9
250.9
162.8
80.9
25.6
3.5
0.0
0.0
0.0
0.0
0.0
0.0
0.0
7.4
31.6
69.2
114.4
198.0
303.7
367.5
430.2
524.8
542.4
536.9
437.9
336.7
224.4
115.5
42.4
5.0
0.0
0.0
0.0
0.0
0.0
0.0
0.0
4.3
25.7
71.5
146.3
212.3
261.9
268.5
302.6
338.9
347.7
406.0
359.8
318.0
196.9
115.5
45.7
6.5
0.0
0.0
0.0
0.0
0.0
0.0
0.0
9.8
57.0
148.5
265.2
379.6
479.7
554.5
608.4
651.3
661.2
622.7
529.2
413.7
280.6
148.5
55.5
5.8
0.0
0.0
0.0
0.0
0.0
0.0
0.0
7.3
51.6
129.8
236.6
365.3
481.9
583.1
675.5
709.7
690.9
626.0
498.4
341.1
187.0
80.5
22.4
9.8
0.0
0.0
0.0
0.0
0.0
0.0
0.0
5.0
47.5
126.5
215.6
329.0
414.8
508.3
583.1
580.9
531.4
456.6
379.6
269.6
163.9
76.9
27.3
20.7
0.0
0.0
0.0
0.0
0.0
0.0
0.0
1.9
22.4
63.3
125.4
183.7
234.4
287.2
326.8
365.3
368.6
357.6
299.3
232.1
155.1
77.7
25.9
9.7
0.0
0.0
0.0
0.0
0.0
0.0
0.0
4.2
14.0
36.4
67.6
110.0
130.9
147.4
158.4
184.8
205.7
198.0
167.2
128.7
89.8
50.3
19.5
3.9
0.0
0.0
0.0
0.0
0.0
0.0
0.0
3.9
22.4
61.0
111.1
141.9
182.6
218.9
254.2
307.0
333.4
345.5
285.0
210.1
124.3
68.5
24.5
10.0
0.0
0.0
0.0
0.0
0.0
0.0
0.0
2.9
25.3
73.4
141.9
225.5
316.9
413.7
479.7
528.1
539.1
508.3
433.5
321.3
209.0
114.4
42.9
8.0
0.0
0.0
0.0
0.0
0.0
0.0
0.0
5.0
34.1
92.2
163.9
247.6
335.6
419.2
461.0
480.8
491.8
436.8
362.0
257.5
166.1
90.0
31.5
9.8
0.0
0.0
0.0
0.0
0.0
0.0
0.0
5.6
27.8
73.8
136.4
225.5
310.3
373.0
464.3
520.4
503.9
473.1
421.4
331.2
239.9
126.5
44.4
6.3
0.0
0.0
0.0
0.0
0.0
0.0
0.0
5.8
47.6
133.1
243.2
376.3
488.5
572.1
616.1
631.5
584.2
530.3
428.0
300.4
178.2
97.0
33.8
5.2
0.0
0.0
0.0
0.0
0.0
0.0
0.0
13.3
13.1
61.7
168.3
298.2
450.0
554.5
579.8
577.6
593.0
583.1
513.8
402.7
255.3
133.1
43.1
7.2
0.0
0.0
0.0
0.0
0.0
0.0
0.0
6.1
24.1
61.1
122.1
199.1
268.5
290.5
269.6
261.9
256.4
229.9
218.9
189.2
129.8
85.4
29.8
5.5
0.0
0.0
0.0
0.0
0.0
0.0
0.0
5.9
39.9
108.4
201.3
312.5
404.9
491.8
501.7
511.6
500.6
450.0
375.2
280.6
174.9
84.8
26.4
35.2
0.0
0.0
0.0
0.0
0.0
0.0
0.0
13.2
32.1
97.5
176.0
254.2
282.8
312.5
343.3
347.7
324.6
303.7
296.0
261.9
203.5
123.2
42.4
6.3
0.0
0.0
0.0
0.0
0.0
0.0
0.0
5.4
42.1
114.4
192.5
267.4
344.4
407.1
442.3
422.5
374.1
377.4
334.5
239.9
145.2
75.5
26.3
7.9
0.0
0.0
0.0
0.0
0.0
0.0
0.0
7.3
27.1
63.6
110.0
147.4
161.7
165.0
159.5
162.8
151.8
133.1
107.2
81.2
51.5
29.9
11.9
10.1
0.0
0.0
0.0
0.0
0.0
0.0
0.0
16.6
27.9
100.8
220.0
342.2
439.0
499.5
513.8
525.9
495.1
459.9
403.8
338.9
217.8
105.6
33.6
10.5
0.0
0.0
0.0
0.0
0.0
0.0
0.0
5.1
37.8
89.9
134.2
161.7
181.5
171.6
165.0
167.2
165.0
155.1
159.5
128.7
81.5
44.2
12.3
8.5
0.0
0.0
0.0
0.0
0.0
0.0
0.0
0.0
15.8
58.6
117.7
193.6
232.1
280.6
314.7
308.1
270.7
253.1
196.9
151.8
84.5
39.9
10.9
2.4
0.0
0.0
0.0
0.0
0.0
0.0
0.0
30.3
23.5
83.2
154.0
217.8
260.8
299.3
335.6
388.4
393.9
396.1
333.4
246.5
169.4
94.1
28.1
21.8
0.0
0.0
0.0
0.0
0.0
0.0
0.0
12.2
32.6
111.1
221.1
321.3
385.1
369.7
367.5
409.3
435.7
379.6
319.1
256.4
162.8
89.2
26.6
45.1
0.0
0.0
0.0
0.0
0.0
0.0
0.0
73.3
27.3
100.3
209.0
311.4
376.3
413.7
440.1
492.9
502.8
462.1
415.9
337.8
227.7
121.0
35.1
98.4
0.0
0.0
0.0
0.0
0.0
0.0
0.0
12.4
35.0
116.6
232.1
367.5
502.8
519.3
543.5
565.5
542.4
496.2
407.1
315.8
201.3
97.3
22.6
0.0
0.0
0.0
0.0
0.0
0.0
0.0
0.0
13.9
32.0
108.0
205.7
294.9
397.2
484.1
514.9
477.5
454.4
406.0
333.4
265.2
181.5
97.2
26.5
2.3
0.0
0.0
0.0
0.0
0.0
0.0
0.0
95.5
29.5
80.0
161.7
267.4
411.5
527.0
565.5
590.8
596.3
556.7
488.5
364.2
196.9
89.3
16.8
0.0
0.0
0.0
0.0
0.0
0.0
0.0
0.0
0.0
26.7
89.6
166.1
253.1
334.5
395.0
445.6
435.7
429.1
398.3
342.2
253.1
157.3
78.2
26.0
2.5
0.0
0.0
0.0
0.0
0.0
0.0
0.0
0.0
27.4
95.3
188.1
290.5
379.6
401.6
403.8
410.4
388.4
362.0
323.5
242.1
148.5
70.3
14.4
0.0
0.0
0.0
0.0
0.0
0.0
0.0
0.0
0.0
16.1
74.3
157.3
244.3
312.5
364.2
369.7
326.8
279.5
231.0
170.5
110.0
65.5
36.1
10.6
0.0
0.0
0.0
0.0
0.0
0.0
0.0
0.0
0.0
16.0
54.1
114.4
183.7
265.2
315.8
392.8
459.9
509.4
490.7
444.5
338.9
220.0
109.4
28.2
0.0
0.0
0.0
0.0
0.0
0.0
0.0
0.0
0.0
26.0
101.2
203.5
331.2
468.7
490.7
529.2
534.7
483.0
408.2
316.9
229.9
146.3
73.9
16.8
0.0
0.0
0.0
0.0
0.0
0.0
0.0
0.0
0.0
19.6
84.1
196.9
347.7
505.0
591.9
620.5
628.2
611.7
543.5
469.8
348.8
203.5
93.1
17.8
0.0
0.0
0.0
0.0
0.0
0.0
0.0
0.0
0.0
19.7
84.5
178.2
298.2
425.8
492.9
505.0
469.8
468.7
409.3
349.9
259.7
154.0
67.0
11.1
0.0
0.0
0.0
0.0
0.0
0.0
0.0
0.0
0.0
16.5
59.2
117.7
176.0
223.3
259.7
292.7
315.8
357.6
359.8
332.3
271.8
176.0
87.9
19.1
0.0
0.0
0.0
0.0
0.0
0.0
0.0
0.0
0.0
14.6
64.8
149.6
231.0
309.2
351.0
376.3
398.3
370.8
313.6
243.2
173.8
111.1
60.4
18.3
0.0
0.0
0.0
0.0
0.0
0.0
0.0
0.0
0.0
13.2
63.2
144.1
270.7
402.7
494.0
495.1
488.5
494.0
451.1
395.0
294.9
191.4
76.1
12.4
0.0
0.0
0.0
0.0
0.0
0.0
0.0
0.0
0.0
12.0
49.2
97.8
147.4
198.0
200.2
179.3
183.7
214.5
204.6
187.0
135.3
63.3
21.6
2.1
0.0
0.0
0.0
0.0
0.0
0.0
0.0
0.0
0.0
3.0
15.3
35.4
65.2
102.9
141.9
159.5
166.1
148.5
136.4
135.3
86.1
49.3
23.9
7.4
0.0
0.0
0.0
0.0
0.0
0.0
0.0
0.0
0.0
8.7
67.8
185.9
333.4
468.7
521.5
520.4
475.3
422.5
377.4
342.2
279.5
169.4
76.0
9.6
0.0
0.0
0.0
0.0
0.0
0.0
0.0
0.0
0.0
12.5
81.0
170.5
301.5
419.2
465.4
433.5
386.2
348.8
302.6
232.1
167.2
104.5
45.5
8.6
0.0
0.0
0.0
0.0
0.0
0.0
0.0
0.0
0.0
12.4
72.7
179.3
333.4
485.2
555.6
500.6
455.5
407.1
337.8
286.1
207.9
136.4
62.8
11.7
0.0
0.0
0.0
0.0
0.0
0.0
0.0
0.0
0.0
6.7
39.3
94.5
159.5
216.7
242.1
256.4
266.3
270.7
236.6
202.4
143.0
88.0
40.7
9.7
0.0
0.0
0.0
0.0
0.0
0.0
0.0
0.0
0.0
10.2
68.2
167.2
280.6
349.9
380.7
360.9
340.0
274.0
198.0
139.7
92.2
49.3
19.6
21.2
0.0
0.0
0.0
0.0
0.0
0.0
0.0
0.0
0.0
5.3
36.1
89.7
161.7
218.9
268.5
292.7
278.4
279.5
248.7
202.4
145.2
81.6
28.3
4.1
0.0
0.0
0.0
0.0
0.0
0.0
0.0
0.0
0.0
6.2
37.6
97.3
178.2
247.6
307.0
336.7
379.6
389.5
357.6
308.1
222.2
121.0
45.4
28.7
0.0
0.0
0.0
0.0
0.0
0.0
0.0
0.0
0.0
9.1
57.4
138.6
252.0
366.4
467.6
533.6
560.0
510.5
439.0
338.9
212.3
102.0
27.5
116.6
0.0
0.0
0.0
0.0
0.0
0.0
0.0
0.0
0.0
12.2
68.3
140.8
225.5
293.8
347.7
365.3
364.2
375.2
349.9
292.7
220.0
136.4
50.6
9.7
0.0
0.0
0.0
0.0
0.0
0.0
0.0
0.0
0.0
11.1
33.6
81.1
123.2
161.7
191.4
209.0
241.0
223.3
221.1
182.6
128.7
72.5
33.2
13.5
0.0
0.0
0.0
0.0
0.0
0.0
0.0
0.0
0.0
7.9
75.9
179.3
275.1
321.3
333.4
281.7
234.4
200.2
169.4
140.8
115.5
76.2
25.6
71.6
0.0
0.0
0.0
0.0
0.0
0.0
0.0
0.0
0.0
7.0
18.2
54.0
124.3
178.2
247.6
293.8
319.1
375.2
402.7
336.7
254.2
144.1
48.0
58.1
0.0
0.0
0.0
0.0
0.0
0.0
0.0
0.0
0.0
7.8
44.0
111.1
205.7
318.0
380.7
423.6
424.7
473.1
458.8
385.1
275.1
149.6
47.6
9.0
0.0
0.0
0.0
0.0
0.0
0.0
0.0
0.0
0.0
6.9
79.5
194.7
322.4
458.8
503.9
533.6
532.5
530.3
469.8
381.8
257.5
130.9
38.0
11.7
0.0
0.0
0.0
0.0
0.0
0.0
0.0
0.0
0.0
7.2
42.1
138.6
269.6
412.6
476.4
494.0
445.6
358.7
279.5
213.4
150.7
91.6
24.6
0.0
0.0
0.0
0.0
0.0
0.0
0.0
0.0
0.0
0.0
57.8
32.7
99.4
191.4
258.6
287.2
271.8
232.1
199.1
177.1
134.2
93.4
49.4
13.4
0.0
0.0
0.0
0.0
0.0
0.0
0.0
0.0
0.0
0.0
0.0
10.2
31.9
59.9
84.9
113.3
138.6
156.2
158.4
155.1
125.4
93.3
55.1
20.5
0.0
0.0
0.0
0.0
0.0
0.0
0.0
0.0
0.0
0.0
5.8
34.1
112.2
207.9
330.1
406.0
431.3
425.8
419.2
382.9
307.0
213.4
99.2
30.8
0.0
0.0
0.0
0.0
0.0
0.0
0.0
0.0
0.0
0.0
9.6
53.3
157.3
266.3
385.1
450.0
434.6
387.3
352.1
323.5
263.0
178.2
90.1
20.7
0.0
0.0
0.0
0.0
0.0
0.0
0.0
0.0
0.0
0.0
4.6
35.2
100.3
199.1
313.6
360.9
327.9
297.1
252.0
205.7
158.4
107.8
50.6
12.0
0.0
0.0
0.0
0.0
0.0
0.0
0.0
0.0
0.0
0.0
7.9
29.6
93.2
183.7
292.7
334.5
302.6
292.7
275.1
242.1
203.5
147.4
84.6
19.1
0.0
0.0
0.0
0.0
0.0
0.0
0.0
0.0
0.0
0.0
32.6
29.6
89.6
169.4
254.2
310.3
320.2
347.7
337.8
321.3
257.5
182.6
113.3
26.1
0.0
0.0
0.0
0.0
0.0
0.0
0.0
0.0
0.0
0.0
13.9
55.7
171.6
316.9
457.7
550.1
626.0
670.0
657.9
575.4
444.5
292.7
143.0
24.0
0.0
0.0
0.0
0.0
0.0
0.0
0.0
0.0
0.0
0.0
20.7
48.9
158.4
283.9
393.9
429.1
478.6
502.8
506.1
445.6
348.8
232.1
118.8
23.3
0.0
0.0
0.0
0.0
0.0
0.0
0.0
0.0
0.0
0.0
0.0
24.4
84.7
149.6
212.3
267.4
303.7
324.6
324.6
297.1
236.6
159.5
73.5
12.9
0.0
0.0
0.0
0.0
0.0
0.0
0.0
0.0
0.0
0.0
0.0
16.0
59.6
134.2
224.4
314.7
340.0
341.1
348.8
345.5
265.2
179.3
86.6
13.1
0.0
0.0
0.0
0.0
0.0
0.0
0.0
0.0
0.0
0.0
0.0
35.1
133.1
275.1
430.2
538.0
612.8
641.4
629.3
554.5
432.4
279.5
128.7
11.8
0.0
0.0
0.0
0.0
0.0
0.0
0.0
0.0
0.0
0.0
0.0
45.0
148.5
277.3
403.8
486.3
523.7
535.8
491.8
407.1
281.7
156.2
55.1
6.2
0.0
0.0
0.0
0.0
0.0
0.0
0.0
0.0
0.0
0.0
0.0
9.1
48.4
112.2
215.6
331.2
430.2
459.9
483.0
414.8
326.8
222.2
108.0
10.6
0.0
0.0
0.0
0.0
0.0
0.0
0.0
0.0
0.0
0.0
0.0
26.3
100.9
206.8
315.8
371.9
391.7
382.9
342.2
292.7
211.2
140.8
62.5
7.4
0.0
0.0
0.0
0.0
0.0
0.0
0.0
0.0
0.0
0.0
0.0
14.7
61.2
123.2
177.1
258.6
297.1
310.3
285.0
214.5
167.2
103.9
41.5
5.3
0.0
0.0
0.0
0.0
0.0
0.0
0.0
0.0
0.0
0.0
0.0
8.7
42.4
97.7
172.7
248.7
336.7
388.4
399.4
322.4
209.0
125.4
49.8
6.4
0.0
0.0
0.0
0.0
0.0
0.0
0.0
0.0
0.0
0.0
0.0
16.0
80.4
167.2
241.0
257.5
255.3
256.4
232.1
180.4
134.2
83.1
33.9
7.9
0.0
0.0
0.0
0.0
0.0
0.0
0.0
0.0
0.0
0.0
0.0
26.6
129.8
265.2
385.1
442.3
443.4
424.7
382.9
329.0
245.4
135.3
46.8
8.5
0.0
0.0
0.0
0.0
0.0
0.0
0.0
0.0
0.0
0.0
0.0
16.6
78.9
165.0
268.5
364.2
402.7
393.9
365.3
322.4
224.4
124.3
49.4
12.1
0.0
0.0
0.0
0.0
0.0
0.0
0.0
0.0
0.0
0.0
0.0
19.8
105.1
232.1
387.3
509.4
577.6
561.1
499.5
412.6
294.9
191.4
67.1
7.7
0.0
0.0
0.0
0.0
0.0
0.0
0.0
0.0
0.0
0.0
0.0
20.1
105.8
225.5
333.4
406.0
431.3
392.8
360.9
282.8
201.3
117.7
33.4
0.0
0.0
0.0
0.0
0.0
0.0
0.0
0.0
0.0
0.0
0.0
0.0
11.1
37.2
69.3
101.6
126.5
148.5
167.2
194.7
209.0
194.7
136.4
58.2
7.0
0.0
0.0
0.0
0.0
0.0
0.0
0.0
0.0
0.0
0.0
0.0
9.8
59.5
134.2
212.3
283.9
314.7
308.1
320.2
309.2
255.3
171.6
55.9
0.0
0.0
0.0
0.0
0.0
0.0
0.0
0.0
0.0
0.0
0.0
0.0
22.7
139.7
277.3
375.2
426.9
424.7
382.9
308.1
252.0
189.2
82.0
21.9
0.0
0.0
0.0
0.0
0.0
0.0
0.0
0.0
0.0
0.0
0.0
0.0
10.6
81.2
210.1
352.1
440.1
511.6
492.9
419.2
351.0
270.7
159.5
45.2
0.0
0.0
0.0
0.0
0.0
0.0
0.0
0.0
0.0
0.0
0.0
0.0
16.0
118.8
277.3
417.0
506.1
490.7
488.5
480.8
400.5
292.7
166.1
50.7
0.0
0.0
0.0
0.0
0.0
0.0
0.0
0.0
0.0
0.0
0.0
0.0
15.4
114.4
242.1
390.6
500.6
535.8
511.6
467.6
385.1
291.6
158.4
43.2
0.0
0.0
0.0
0.0
0.0
0.0
0.0
0.0
0.0
0.0
0.0
0.0
12.5
105.7
238.8
400.5
494.0
552.3
550.1
540.2
473.1
348.8
190.3
46.0
0.0
0.0
0.0
0.0
0.0
0.0
0.0
0.0
0.0
0.0
0.0
0.0
13.3
102.5
235.5
375.2
479.7
523.7
598.5
583.1
489.6
346.6
188.1
46.9
0.0
0.0
0.0
0.0
0.0
0.0
0.0
0.0
0.0
0.0
0.0
0.0
14.3
99.0
228.8
362.0
473.1
553.4
586.4
556.7
453.3
308.1
156.2
32.5
0.0
0.0
0.0
0.0
0.0
0.0
0.0
0.0
0.0
0.0
0.0
0.0
10.7
103.0
246.5
393.9
534.7
594.1
629.3
600.7
500.6
364.2
194.7
39.2
0.0
0.0
0.0
0.0
0.0
0.0
0.0
0.0
0.0
0.0
0.0
0.0
9.1
90.1
216.7
352.1
457.7
539.1
607.3
591.9
497.3
356.5
187.0
34.5
0.0
0.0
0.0
0.0
0.0
0.0
0.0
0.0
0.0
0.0
0.0
0.0
8.3
84.5
216.7
396.1
512.7
600.7
621.6
587.5
483.0
338.9
173.8
27.8
0.0
0.0
0.0
0.0
0.0
0.0
0.0
0.0
0.0
0.0
0.0
0.0
8.8
46.3
119.9
204.6
263.0
288.3
314.7
315.8
265.2
196.9
87.6
15.0
0.0
0.0
0.0
0.0
0.0
0.0
0.0
0.0
0.0
0.0
0.0
0.0
6.6
64.0
182.6
314.7
413.7
457.7
476.4
425.8
334.5
211.2
83.0
9.8
0.0
0.0
0.0
0.0
0.0
0.0
0.0
0.0
0.0
0.0
0.0
0.0
2.2
11.2
30.4
53.4
79.7
107.4
105.3
94.0
78.7
49.2
19.4
8.4
0.0
0.0
0.0
0.0
0.0
0.0
0.0
0.0
0.0
0.0
0.0
0.0
2.4
29.6
73.8
126.5
196.9
254.2
257.5
227.7
191.4
122.1
61.6
11.3
0.0
0.0
0.0
0.0
0.0
0.0
0.0
0.0
0.0
0.0
0.0
0.0
4.2
20.0
57.4
94.1
128.7
151.8
179.3
172.7
157.3
119.9
64.8
13.0
0.0
0.0
0.0
0.0
0.0
0.0
0.0
0.0
0.0
0.0
0.0
0.0
9.6
85.0
216.7
357.6
469.8
505.0
430.2
352.1
263.0
168.3
71.3
10.8
0.0
0.0
0.0
0.0
0.0
0.0
0.0
0.0
0.0
0.0
0.0
0.0
14.3
74.9
201.3
348.8
465.4
518.2
487.4
402.7
286.1
185.9
79.4
5.1
0.0
0.0
0.0
0.0
0.0
0.0
0.0
0.0
0.0
0.0
0.0
0.0
8.1
52.9
132.0
205.7
237.7
246.5
233.2
210.1
163.9
101.0
42.7
11.8
0.0
0.0
0.0
0.0
0.0
0.0
0.0
0.0
0.0
0.0
0.0
0.0
2.6
37.7
126.5
242.1
322.4
373.0
404.9
385.1
301.5
181.5
61.4
5.7
0.0
0.0
0.0
0.0
0.0
0.0
0.0
0.0
0.0
0.0
0.0
0.0
5.0
51.5
173.8
305.9
375.2
392.8
412.6
397.2
322.4
207.9
78.0
13.4
0.0
0.0
0.0
0.0
0.0
0.0
0.0
0.0
0.0
0.0
0.0
0.0
6.9
46.6
155.1
258.6
326.8
341.1
291.6
212.3
150.7
96.7
36.1
9.1
0.0
0.0
0.0
0.0
0.0
0.0
0.0
0.0
0.0
0.0
0.0
0.0
0.0
56.9
187.0
332.3
422.5
407.1
355.4
300.4
232.1
151.8
58.2
3.5
0.0
0.0
0.0
0.0
0.0
0.0
0.0
0.0
0.0
0.0
0.0
0.0
0.0
25.3
96.3
173.8
237.7
233.2
217.8
193.6
150.7
84.9
32.3
0.0
0.0
0.0
0.0
0.0
0.0
0.0
0.0
0.0
0.0
0.0
0.0
0.0
0.0
10.0
42.9
87.5
130.9
154.0
134.2
121.0
87.4
54.2
20.5
0.0
0.0
0.0
0.0
0.0
0.0
0.0
0.0
0.0
0.0
0.0
0.0
0.0
0.0
13.6
61.5
130.9
182.6
191.4
176.0
139.7
108.0
66.1
27.9
0.0
0.0
0.0
0.0
0.0
0.0
0.0
0.0
0.0
0.0
0.0
0.0
0.0
0.0
15.4
53.4
106.1
151.8
174.9
184.8
172.7
117.7
72.2
24.0
0.0
0.0
0.0
0.0
0.0
0.0
0.0
0.0
0.0
0.0
0.0
0.0
0.0
0.0
15.8
65.9
118.8
176.0
213.4
217.8
204.6
157.3
91.5
26.3
0.0
0.0
0.0
0.0
0.0
0.0
0.0
0.0
0.0
0.0
0.0
0.0
0.0
0.0
34.4
133.1
245.4
362.0
440.1
450.0
376.3
282.8
146.3
40.2
0.0
0.0
0.0
0.0
0.0
0.0
0.0
0.0
0.0
0.0
0.0
0.0
0.0
0.0
4.4
23.7
52.9
82.6
133.1
140.8
126.5
92.6
49.6
14.7
0.0
0.0
0.0
0.0
0.0
0.0
0.0
0.0
0.0
0.0
0.0
0.0
0.0
0.0
15.8
84.1
123.2
180.4
198.0
222.2
204.6
169.4
114.4
36.5
0.0
0.0
0.0
0.0
0.0
0.0
0.0
0.0
0.0
0.0
0.0
0.0
0.0
0.0
12.0
44.3
95.3
141.9
159.5
129.8
102.5
68.0
36.7
9.5
0.0
0.0
0.0
0.0
0.0
0.0
0.0
0.0
0.0
0.0
0.0
0.0
0.0
0.0
3.6
20.9
49.8
69.2
95.1
102.8
104.7
114.4
93.7
32.9
0.0
0.0
0.0
0.0
0.0
0.0
0.0
0.0
0.0
0.0
0.0
0.0
0.0
0.0
29.4
97.4
196.9
309.2
382.9
378.5
311.4
227.7
138.6
33.6
0.0
0.0
0.0
0.0
0.0
0.0
0.0
0.0
0.0
0.0
0.0
0.0
0.0
0.0
16.5
103.6
210.1
274.0
309.2
309.2
300.4
224.4
114.4
17.7
0.0
0.0
0.0
0.0
0.0
0.0
0.0
0.0
0.0
0.0
0.0
0.0
0.0
0.0
7.0
35.1
75.6
139.7
196.9
222.2
191.4
125.4
52.7
10.3
0.0
0.0
0.0
0.0
0.0
0.0
0.0
0.0
0.0
0.0
0.0
0.0
0.0
0.0
4.1
26.0
82.0
144.1
182.6
222.2
227.7
196.9
122.1
30.3
0.0
0.0
0.0
0.0
0.0
0.0
0.0
0.0
0.0
0.0
0.0
0.0
0.0
0.0
14.4
51.6
88.9
110.0
112.2
119.9
103.0
88.9
48.3
12.7
0.0
0.0
0.0
0.0
0.0
0.0
0.0
0.0
0.0
0.0
0.0
0.0
0.0
0.0
6.6
13.6
35.1
70.4
117.7
138.6
145.2
95.0
43.1
8.7
0.0
0.0
0.0
0.0
0.0
0.0
0.0
0.0
0.0
0.0
0.0
0.0
0.0
0.0
8.3
45.0
91.6
158.4
263.0
340.0
322.4
246.5
129.8
26.6
0.0
0.0
0.0
0.0
0.0
0.0
0.0
0.0
0.0
0.0
0.0
0.0
0.0
0.0
10.0
72.4
163.9
250.9
314.7
334.5
319.1
232.1
117.7
16.7
0.0
0.0
0.0
0.0
0.0
0.0
0.0
0.0
0.0
0.0
0.0
0.0
0.0
0.0
6.1
42.6
97.8
145.2
178.2
191.4
179.3
140.8
74.2
12.3
0.0
0.0
0.0
0.0
0.0
0.0
0.0
0.0
0.0
0.0
0.0
0.0
0.0
0.0
6.4
22.2
58.1
96.8
100.1
90.9
78.7
55.8
27.7
4.8
0.0
0.0
0.0
0.0
0.0
0.0
0.0
0.0
0.0
0.0
0.0
0.0
0.0
0.0
6.5
22.8
59.2
93.6
106.5
98.5
80.8
66.2
30.7
6.3
0.0
0.0
0.0
0.0
0.0
0.0
0.0
0.0
0.0
0.0
0.0
0.0
0.0
0.0
3.1
20.6
39.3
49.0
58.5
48.0
38.0
25.7
17.5
5.2
0.0
0.0
0.0
0.0
0.0
0.0
0.0
0.0
0.0
0.0
0.0
0.0
0.0
0.0
1.5
14.1
33.3
44.8
54.5
56.6
52.0
36.2
20.7
8.9
0.0
0.0
0.0
0.0
0.0
0.0
0.0
0.0
0.0
0.0
0.0
0.0
0.0
0.0
6.3
8.5
19.4
36.3
57.8
113.3
124.3
113.3
73.6
9.4
0.0
0.0
0.0
0.0
0.0
0.0
0.0
0.0
0.0
0.0
0.0
0.0
0.0
0.0
8.3
30.3
45.1
60.1
69.2
53.0
38.7
26.6
12.7
1.0
0.0
0.0
0.0
0.0
0.0
0.0
0.0
0.0
0.0
0.0
0.0
0.0
0.0
0.0
5.5
26.2
73.8
135.3
101.0
114.4
72.4
54.4
20.8
4.6
0.0
0.0
0.0
0.0
0.0
0.0
0.0
0.0
0.0
0.0
0.0
0.0
0.0
0.0
4.4
20.7
54.6
72.5
93.7
91.8
79.5
53.5
16.9
4.8
0.0
0.0
0.0
0.0
0.0
0.0
0.0
0.0
0.0
0.0
0.0
0.0
0.0
0.0
3.9
27.3
77.3
128.7
151.8
128.7
96.4
62.5
28.2
4.3
0.0
0.0
0.0
0.0
0.0
0.0
0.0
0.0
0.0
0.0
0.0
0.0
0.0
0.0
5.9
62.1
154.0
221.1
237.7
221.1
160.6
69.6
18.3
0.8
0.0
0.0
0.0
0.0
0.0
0.0
0.0
0.0
0.0
0.0
0.0
0.0
0.0
0.0
3.5
56.8
116.6
179.3
257.5
333.4
299.3
195.8
85.9
5.6
0.0
0.0
0.0
0.0
0.0
0.0
0.0
0.0
0.0
0.0
0.0
0.0
0.0
0.0
0.0
12.7
37.7
71.8
81.1
73.1
39.9
22.9
10.1
0.0
0.0
0.0
0.0
0.0
0.0
0.0
0.0
0.0
0.0
0.0
0.0
0.0
0.0
0.0
0.0
16.9
56.7
86.3
101.0
102.5
90.0
63.5
20.5
0.0
0.0
0.0
0.0
0.0
0.0
0.0
0.0
0.0
0.0
0.0
0.0
0.0
0.0
0.0
4.6
18.2
86.6
176.0
198.0
203.5
170.5
99.9
28.3
0.0
0.0
0.0
0.0
0.0
0.0
0.0
0.0
0.0
0.0
0.0
0.0
0.0
0.0
0.0
0.0
18.2
42.6
57.0
58.3
50.7
40.7
36.7
22.8
1.7
0.0
0.0
0.0
0.0
0.0
0.0
0.0
0.0
0.0
0.0
0.0
0.0
0.0
0.0
5.6
42.1
118.8
152.9
161.7
138.6
108.6
66.1
28.2
3.2
0.0
0.0
0.0
0.0
0.0
0.0
0.0
0.0
0.0
0.0
0.0
0.0
0.0
0.0
0.0
12.3
42.9
68.1
78.1
81.5
73.8
63.0
22.7
0.0
0.0
0.0
0.0
0.0
0.0
0.0
0.0
0.0
0.0
0.0
0.0
0.0
0.0
0.0
0.0
10.5
47.0
100.6
159.5
204.6
215.6
150.7
53.6
11.1
0.0
0.0
0.0
0.0
0.0
0.0
0.0
0.0
0.0
0.0
0.0
0.0
0.0
0.0
0.0
21.9
124.3
241.0
343.3
362.0
291.6
161.7
42.6
0.0
0.0
0.0
0.0
0.0
0.0
0.0
0.0
0.0
0.0
0.0
0.0
0.0
0.0
0.0
0.0
29.5
98.5
185.9
235.5
249.8
195.8
91.6
34.2
5.7
0.0
0.0
0.0
0.0
0.0
0.0
0.0
0.0
0.0
0.0
0.0
0.0
0.0
0.0
0.0
32.7
116.6
207.9
246.5
207.9
174.9
86.1
21.0
0.0
0.0
0.0
0.0
0.0
0.0
0.0
0.0
0.0
0.0
0.0
0.0
0.0
0.0
0.0
0.0
12.2
35.3
52.9
59.0
69.1
71.1
55.6
19.9
0.0
0.0
0.0
0.0
0.0
0.0
0.0
0.0
0.0
0.0
0.0
0.0
0.0
0.0
0.0
0.0
17.7
50.4
124.3
192.5
217.8
180.4
118.8
37.2
0.0
0.0
0.0
0.0
0.0
0.0
0.0
0.0
0.0
0.0
0.0
0.0
0.0
0.0
0.0
0.0
18.2
84.3
134.2
169.4
146.3
104.9
58.6
17.6
0.0
0.0
0.0
0.0
0.0
0.0
0.0
0.0
0.0
0.0
0.0
0.0
0.0
0.0
0.0
0.0
7.7
36.1
66.9
94.6
111.1
75.7
44.4
13.1
0.0
0.0
0.0
0.0
0.0
0.0
0.0
0.0
0.0
0.0
0.0
0.0
0.0
0.0
0.0
0.0
37.2
128.7
147.4
101.1
60.4
43.3
28.4
11.7
0.0
0.0
0.0
0.0
0.0
0.0
0.0
0.0
0.0
0.0
0.0
0.0
0.0
0.0
0.0
0.0
7.3
23.8
51.7
63.2
68.1
49.7
28.2
8.1
0.0
0.0
0.0
0.0
0.0
0.0
0.0
0.0
0.0
0.0
0.0
0.0
0.0
0.0
0.0
0.0
8.0
28.6
49.8
54.6
58.9
45.1
26.7
6.9
0.0
0.0
0.0
0.0
0.0
0.0
0.0
0.0
0.0
0.0
0.0
0.0
0.0
0.0
0.0
0.0
7.8
31.8
65.7
114.4
138.6
116.6
57.4
15.4
0.0
0.0
0.0
0.0
0.0
0.0
0.0
0.0
0.0
0.0
0.0
0.0
0.0
0.0
0.0
0.0
10.9
78.3
141.9
160.6
147.4
113.3
58.5
13.9
0.0
0.0
0.0
0.0
0.0
0.0
0.0
0.0
0.0
0.0
0.0
0.0
0.0
0.0
0.0
0.0
6.8
19.3
31.7
37.3
41.8
39.8
33.4
9.5
0.0
0.0
0.0
0.0
0.0
0.0
0.0
0.0
0.0
0.0
0.0
0.0
0.0
0.0
0.0
0.0
22.1
119.9
211.2
250.9
222.2
162.8
80.5
23.0
0.0
0.0
0.0
0.0
0.0
0.0
0.0
0.0
0.0
0.0
0.0
0.0
0.0
0.0
0.0
0.0
5.3
26.7
36.3
46.8
52.8
48.7
33.3
11.0
0.0
0.0
0.0
0.0
0.0
0.0
0.0
0.0
0.0
0.0
0.0
0.0
0.0
0.0
0.0
0.0
15.3
45.1
64.7
86.3
76.9
71.1
40.8
11.4
0.0
0.0
0.0
0.0
0.0
0.0
0.0
0.0
0.0
0.0
0.0
0.0
0.0
0.0
0.0
0.0
5.5
27.9
72.8
135.3
159.5
158.4
108.2
32.3
0.0
0.0
0.0
0.0
0.0
0.0
0.0
0.0
0.0
0.0
0.0
0.0
0.0
0.0
0.0
0.0
4.6
32.3
96.5
163.9
191.4
199.1
136.4
34.5
0.0
0.0
0.0
0.0
0.0
0.0
0.0
0.0
0.0
0.0
0.0
0.0
0.0
0.0
0.0
0.0
15.6
111.1
210.1
269.6
268.5
209.0
113.3
25.4
0.0
0.0
0.0
0.0
0.0
0.0
0.0
0.0
0.0
0.0
0.0
0.0
0.0
0.0
0.0
0.0
8.5
33.0
63.6
83.1
86.3
74.0
37.6
8.7
0.0
0.0
0.0
0.0
0.0
0.0
0.0
0.0
0.0
0.0
0.0
0.0
0.0
0.0
0.0
0.0
7.7
26.3
63.8
85.8
110.0
116.6
75.1
22.6
0.0
0.0
0.0
0.0
0.0
0.0
0.0
0.0
0.0
0.0
0.0
0.0
0.0
0.0
0.0
0.0
4.5
12.3
26.6
37.2
38.7
32.6
18.8
6.3
0.0
0.0
0.0
0.0
0.0
0.0
0.0
0.0
0.0
0.0
0.0
0.0
0.0
0.0
0.0
0.0
3.5
22.8
51.4
67.2
60.4
47.8
28.4
10.7
0.0
0.0
0.0
0.0
0.0
0.0
0.0
0.0
0.0
0.0
0.0
0.0
0.0
0.0
0.0
0.0
2.6
19.1
44.4
69.9
74.4
63.5
37.0
12.4
0.0
0.0
0.0
0.0
0.0
0.0
0.0
0.0
0.0
0.0
0.0
0.0
0.0
0.0
0.0
0.0
4.6
12.7
24.6
29.3
27.5
20.9
11.1
4.1
0.0
0.0
0.0
0.0
0.0
0.0
0.0
0.0
0.0
0.0
0.0
0.0
0.0
0.0
0.0
0.0
4.7
25.7
56.7
83.3
74.8
61.0
37.4
10.9
0.0
0.0
0.0
0.0
0.0
0.0
0.0
0.0
0.0
0.0
0.0
0.0
0.0
0.0
0.0
0.0
3.3
23.4
48.7
73.5
73.1
52.3
28.9
12.4
0.0
0.0
0.0
0.0
0.0
0.0
0.0
0.0
0.0
0.0
0.0
0.0
0.0
0.0
0.0
0.0
4.3
36.0
80.2
88.3
84.7
66.9
38.6
12.1
0.0
0.0
0.0
0.0
0.0
0.0
0.0
0.0
0.0
0.0
0.0
0.0
0.0
0.0
0.0
0.0
3.9
23.7
65.8
93.6
84.2
56.4
36.5
14.0
0.0
0.0
0.0
0.0
0.0
0.0
0.0
0.0
0.0
0.0
0.0
0.0
0.0
0.0
0.0
0.0
3.1
42.9
118.8
161.7
156.2
135.3
81.6
25.7
0.0
0.0
0.0
0.0
0.0
0.0
0.0
0.0
0.0
0.0
0.0
0.0
0.0
0.0
0.0
0.0
6.7
64.7
68.4
52.2
40.6
44.2
54.6
19.9
0.0
0.0
0.0
0.0
0.0
0.0
0.0
0.0
0.0
0.0
0.0
0.0
0.0
0.0
0.0
0.0
6.5
16.8
44.8
59.9
57.2
44.7
25.3
7.0
0.0
0.0
0.0
0.0
0.0
0.0
0.0
0.0
0.0
0.0
0.0
0.0
0.0
0.0
0.0
0.0
5.8
94.6
210.1
294.9
292.7
225.5
119.9
29.9
0.0
0.0
0.0
0.0
0.0
0.0
0.0
0.0
0.0
0.0
0.0
0.0
0.0
0.0
0.0
0.0
4.3
26.1
48.0
72.3
135.3
177.1
145.2
40.9
0.0
0.0
0.0
0.0
0.0
0.0
0.0
0.0
0.0
0.0
0.0
0.0
0.0
0.0
0.0
0.0
8.6
21.1
32.2
33.2
34.7
25.7
18.5
6.1
0.0
0.0
0.0
0.0
0.0
0.0
0.0
0.0
0.0
0.0
0.0
0.0
0.0
0.0
0.0
0.0
11.7
22.2
52.6
71.0
68.8
62.3
40.4
14.1
0.0
0.0
0.0
0.0
0.0
0.0
0.0
0.0
0.0
0.0
0.0
0.0
0.0
0.0
0.0
0.0
0.0
22.1
61.3
88.3
89.6
75.1
40.6
11.2
0.0
0.0
0.0
0.0
0.0
0.0
0.0
0.0
0.0
0.0
0.0
0.0
0.0
0.0
0.0
0.0
8.1
53.7
127.6
187.0
177.1
100.5
55.2
19.4
0.0
0.0
0.0
0.0
0.0
0.0
0.0
0.0
0.0
0.0
0.0
0.0
0.0
0.0
0.0
0.0
5.4
53.1
182.6
267.4
292.7
242.1
140.8
42.0
0.0
0.0
0.0
0.0
0.0
0.0
0.0
0.0
0.0
0.0
0.0
0.0
0.0
0.0
0.0
0.0
2.5
13.0
32.7
52.8
54.6
35.9
18.4
5.1
0.0
0.0
0.0
0.0
0.0
0.0
0.0
0.0
0.0
0.0
0.0
0.0
0.0
0.0
0.0
0.0
5.1
90.8
206.8
258.6
244.3
190.3
97.9
19.3
0.0
0.0
0.0
0.0
0.0
0.0
0.0
0.0
