0.000436165
0.000436165
0.000436165
0.000436165
0.000436165
0.000436165
0.000436165
0.000436165
0.000436165
0.000436165
0.000436165
0.000436165
0.000436165
0.000436165
0.000436165
0.000436165
0.000436165
0.000436165
0.000436165
0.000436165
0.000436165
0.000436165
0.000436165
0.000436165
0.000436165
0.000436165
0.000436165
0.000436165
0.000436165
0.000436165
0.000436165
0.000625895
0.000625895
0.000625895
0.000625895
0.000625895
0.000625895
0.000625895
0.000625895
0.000625895
0.000625895
0.000625895
0.000625895
0.000625895
0.000625895
0.000625895
0.000625895
0.000625895
0.000625895
0.000625895
0.000625895
0.000625895
0.000625895
0.000625895
0.000625895
0.000625895
0.000625895
0.000625895
0.000625895
0.000497747
0.000497747
0.000497747
0.000497747
0.000497747
0.000497747
0.000497747
0.000497747
0.000497747
0.000497747
0.000497747
0.000497747
0.000497747
0.000497747
0.000497747
0.000497747
0.000497747
0.000497747
0.000497747
0.000497747
0.000497747
0.000497747
0.000497747
0.000497747
0.000497747
0.000497747
0.000497747
0.000497747
0.000497747
0.000497747
0.000497747
0.000747093
0.000747093
0.000747093
0.000747093
0.000747093
0.000747093
0.000747093
0.000747093
0.000747093
0.000747093
0.000747093
0.000747093
0.000747093
0.000747093
0.000747093
0.000747093
0.000747093
0.000747093
0.000747093
0.000747093
0.000747093
0.000747093
0.000747093
0.000747093
0.000747093
0.000747093
0.000747093
0.000747093
0.000747093
0.000747093
0.000660218
0.000660218
0.000660218
0.000660218
0.000660218
0.000660218
0.000660218
0.000660218
0.000660218
0.000660218
0.000660218
0.000660218
0.000660218
0.000660218
0.000660218
0.000660218
0.000660218
0.000660218
0.000660218
0.000660218
0.000660218
0.000660218
0.000660218
0.000660218
0.000660218
0.000660218
0.000660218
0.000660218
0.000660218
0.000660218
0.000660218
0.000735106
0.000735106
0.000735106
0.000735106
0.000735106
0.000735106
0.000735106
0.000735106
0.000735106
0.000735106
0.000735106
0.000735106
0.000735106
0.000735106
0.000735106
0.000735106
0.000735106
0.000735106
0.000735106
0.000735106
0.000735106
0.000735106
0.000735106
0.000735106
0.000735106
0.000735106
0.000735106
0.000735106
0.000735106
0.000735106
0.000774124
0.000774124
0.000774124
0.000774124
0.000774124
0.000774124
0.000774124
0.000774124
0.000774124
0.000774124
0.000774124
0.000774124
0.000774124
0.000774124
0.000774124
0.000774124
0.000774124
0.000774124
0.000774124
0.000774124
0.000774124
0.000774124
0.000774124
0.000774124
0.000774124
0.000774124
0.000774124
0.000774124
0.000774124
0.000774124
0.000774124
0.000625964
0.000625964
0.000625964
0.000625964
0.000625964
0.000625964
0.000625964
0.000625964
0.000625964
0.000625964
0.000625964
0.000625964
0.000625964
0.000625964
0.000625964
0.000625964
0.000625964
0.000625964
0.000625964
0.000625964
0.000625964
0.000625964
0.000625964
0.000625964
0.000625964
0.000625964
0.000625964
0.000625964
0.000625964
0.000625964
0.000625964
0.000709381
0.000709381
0.000709381
0.000709381
0.000709381
0.000709381
0.000709381
0.000709381
0.000709381
0.000709381
0.000709381
0.000709381
0.000709381
0.000709381
0.000709381
0.000709381
0.000709381
0.000709381
0.000709381
0.000709381
0.000709381
0.000709381
0.000709381
0.000709381
0.000709381
0.000709381
0.000709381
0.000709381
0.000709381
0.000709381
0.000616174
0.000616174
0.000616174
0.000616174
0.000616174
0.000616174
0.000616174
0.000616174
0.000616174
0.000616174
0.000616174
0.000616174
0.000616174
0.000616174
0.000616174
0.000616174
0.000616174
0.000616174
0.000616174
0.000616174
0.000616174
0.000616174
0.000616174
0.000616174
0.000616174
0.000616174
0.000616174
0.000616174
0.000616174
0.000616174
0.000616174
0.000412498
0.000412498
0.000412498
0.000412498
0.000412498
0.000412498
0.000412498
0.000412498
0.000412498
0.000412498
0.000412498
0.000412498
0.000412498
0.000412498
0.000412498
0.000412498
0.000412498
0.000412498
0.000412498
0.000412498
0.000412498
0.000412498
0.000412498
0.000412498
0.000412498
0.000412498
0.000412498
0.000412498
0.000412498
0.000412498
0.000185675
0.000185675
0.000185675
0.000185675
0.000185675
0.000185675
0.000185675
0.000185675
0.000185675
0.000185675
0.000185675
0.000185675
0.000185675
0.000185675
0.000185675
0.000185675
0.000185675
0.000185675
0.000185675
0.000185675
0.000185675
0.000185675
0.000185675
0.000185675
0.000185675
0.000185675
0.000185675
0.000185675
0.000185675
0.000185675
0.000185675
